2.345000000000000209e-02
7.810000000000001663e-02
1.374800000000000189e-01
1.500800000000000189e-01
1.494900000000000395e-01
1.360200000000000298e-01
9.172000000000000985e-02
7.281000000000001360e-02
5.744000000000000494e-02
3.280000000000000970e-02
2.928000000000000394e-02
8.630000000000002253e-03
1.368000000000000119e-02
7.900000000000002506e-03
5.590000000000001218e-03
6.000000000000000830e-05
2.630000000000000393e-03
1.560000000000000189e-03
6.100000000000000821e-04
4.000000000000000734e-04
9.000000000000001922e-05
1.000000000000000183e-04
5.000000000000000917e-05
3.000000000000000415e-05
