3.890000000000028280e+01 3.990000000000029701e+01 4.090000000000031122e+01 4.050000000000030553e+01 4.080000000000030980e+01 4.030000000000030269e+01 3.990000000000029701e+01 3.970000000000029416e+01 3.990000000000029701e+01 3.920000000000028706e+01
5.830000000000124771e+01 6.016666666666797170e+01 6.056666666666795606e+01 6.110000000000133014e+01 6.073333333333463457e+01 6.076666666666798733e+01 5.996666666666796175e+01 5.976666666666795891e+01 5.970000000000128182e+01 5.893333333333460189e+01
7.598888888889199222e+01 7.776666666667010475e+01 7.861111111111466698e+01 7.838888888889245266e+01 7.842222222222576988e+01 7.832222222222577557e+01 7.796666666667013601e+01 7.781111111111454193e+01 7.756666666667005927e+01 7.693333333333660562e+01
8.825555555555665421e+01 8.967777777777926929e+01 9.061111111111270588e+01 9.024074074074236762e+01 9.030370370370530964e+01 9.029259259259418968e+01 8.961111111111267746e+01 8.960370370370520732e+01 8.938888888889034945e+01 8.831111111111252399e+01
9.850740740740928914e+01 9.935679012345902095e+01 1.002506172839529484e+02 1.001370370370394198e+02 1.003382716049406440e+02 1.000506172839529597e+02 9.964567901234801184e+01 9.951975308642201412e+01 9.889012345679230975e+01 9.836543209876761296e+01
1.037222222222245023e+02 1.045584362139943977e+02 1.053995884773689795e+02 1.053650205761344694e+02 1.055004115226365116e+02 1.054761316872455552e+02 1.049395061728422434e+02 1.046950617283977181e+02 1.043288065843647416e+02 1.037514403292206993e+02
1.079274348422545273e+02 1.090182441701013971e+02 1.096662551440382742e+02 1.098687242798409471e+02 1.098724279835445543e+02 1.098305898491138066e+02 1.092676268861508078e+02 1.091109739369052392e+02 1.088325102880712194e+02 1.082375857338873857e+02
1.121531321444942222e+02 1.132088248742615377e+02 1.137866026520393063e+02 1.138778692272567241e+02 1.139342478280796627e+02 1.138221764974898065e+02 1.133645633287654704e+02 1.131903520804801246e+02 1.129528577960722515e+02 1.123111111111156788e+02
1.144005944215884227e+02 1.154992074378974678e+02 1.161589239445276291e+02 1.162228776101275827e+02 1.162207285474845264e+02 1.161749885688227977e+02 1.158071178174129869e+02 1.155236549306577842e+02 1.152822588020188448e+02 1.147224508459146648e+02
1.166662653050860143e+02 1.178975410252508311e+02 1.185182390895704714e+02 1.186056038205567376e+02 1.186216633643252578e+02 1.185369049433530080e+02 1.180415739470621617e+02 1.177997307321048481e+02 1.176675862419353678e+02 1.170687598435206667e+02
1.182703568223050894e+02 1.194860251655456125e+02 1.201119256888400173e+02 1.201437975240954614e+02 1.201685278328219226e+02 1.200300106691104389e+02 1.196578045352223540e+02 1.194211637792398051e+02 1.191572236617096223e+02 1.185844095581687441e+02
1.200854369534858535e+02 1.212525490129623051e+02 1.217998346006386896e+02 1.218698578017087613e+02 1.218379391127104725e+02 1.217606953547012694e+02 1.213838648128356539e+02 1.212374000124149518e+02 1.208844400413173048e+02 1.202607574500235899e+02
1.211505922576437371e+02 1.223300360717269371e+02 1.228611362314819644e+02 1.229303886978891143e+02 1.229524214352953493e+02 1.228320165361625271e+02 1.224706006875553470e+02 1.222655600527525905e+02 1.219958394252504945e+02 1.213744690379455449e+02
1.219331448520708534e+02 1.230653169401610825e+02 1.236524238187556080e+02 1.237211624620541386e+02 1.237031169969880722e+02 1.236104585457206895e+02 1.232295174189859779e+02 1.230275597228349369e+02 1.227532146873552676e+02 1.221744916180657157e+02
1.227237473418772709e+02 1.239100421307428093e+02 1.244752258900359436e+02 1.245494453131598220e+02 1.245324274943110083e+02 1.244476476640425631e+02 1.240711596709159465e+02 1.238397427832036612e+02 1.235571765779859703e+02 1.229849619347390188e+02
1.231217889766766405e+02 1.242843337196333238e+02 1.248627626968371658e+02 1.249401792415256978e+02 1.249169955453736236e+02 1.248472878596242595e+02 1.244548142586743751e+02 1.242128925429639423e+02 1.239618408217406937e+02 1.233709001807579142e+02
1.234724066416003154e+02 1.246104401192279880e+02 1.252031800215307555e+02 1.252732888597857936e+02 1.252423407255481322e+02 1.251825288922607911e+02 1.247950793394839337e+02 1.245429572835434158e+02 1.242856635630748912e+02 1.237152758464363131e+02
1.237662373377940952e+02 1.249044738072671521e+02 1.254987361484103019e+02 1.255690479785107243e+02 1.255465240058565115e+02 1.254811298968211020e+02 1.250758170616504259e+02 1.248390208900364229e+02 1.245886288923109646e+02 1.239969270319070347e+02
