2.480911076119077588e-02
7.743566205776193645e-02
1.402897274161914454e-01
1.505088062591315723e-01
1.471566437507373926e-01
1.378413676438938473e-01
9.190823916800044957e-02
7.252958208168891474e-02
5.646395723949747258e-02
3.124629000276465257e-02
2.983727978352288326e-02
8.434216101095841356e-03
1.321493980002536907e-02
7.599631702068460580e-03
5.403467557114891018e-03
5.987569622059543564e-05
2.554796151676845799e-03
1.432293937559971347e-03
5.260957221888565381e-04
4.501923943451703169e-04
1.288588507797571424e-04
1.343145883488595016e-04
2.399751147371814990e-05
nan
1.065382272025349897e-05
