2.739999999999999814e-03
1.352666666666666601e-02
3.307999999999999829e-02
5.628666666666666540e-02
7.631999999999999895e-02
9.178000000000000047e-02
9.683333333333332682e-02
9.451333333333333808e-02
8.654666666666666064e-02
7.871999999999999831e-02
7.033333333333333104e-02
5.836666666666666392e-02
4.923333333333333034e-02
3.800666666666666776e-02
3.337999999999999995e-02
2.648666666666666530e-02
2.020666666666666791e-02
1.626666666666666539e-02
1.243333333333333270e-02
1.021333333333333294e-02
7.666666666666666248e-03
5.953333333333333047e-03
4.673333333333333159e-03
3.993333333333333110e-03
2.706666666666666683e-03
2.153333333333333488e-03
1.833333333333333299e-03
1.366666666666666637e-03
9.666666666666666723e-04
8.999999999999999754e-04
4.133333333333333152e-04
5.000000000000000104e-04
3.133333333333333240e-04
3.600000000000000227e-04
2.599999999999999772e-04
1.399999999999999877e-04
9.333333333333332967e-05
1.133333333333333279e-04
9.333333333333332967e-05
1.333333333333333329e-05
5.333333333333333318e-05
3.333333333333333493e-05
3.333333333333333493e-05
4.000000000000000327e-05
3.333333333333333493e-05
1.333333333333333329e-05
6.666666666666666647e-06
