7.160000000000020748e+01 7.430000000000005400e+01 7.520000000000000284e+01 7.520000000000000284e+01 7.539999999999999147e+01 7.510000000000000853e+01 7.579999999999996874e+01 7.589999999999996305e+01 7.549999999999998579e+01 7.520000000000000284e+01 7.549999999999998579e+01 7.529999999999999716e+01
8.766666666666596086e+01 9.063333333333245889e+01 9.153333333333240773e+01 9.186666666666572212e+01 9.206666666666571075e+01 9.229999999999903082e+01 9.286666666666566528e+01 9.269999999999900808e+01 9.203333333333237931e+01 9.213333333333237363e+01 9.276666666666567096e+01 9.143333333333241342e+01
1.105555555555584277e+02 1.128555555555581549e+02 1.134888888888913954e+02 1.142222222222247723e+02 1.142888888888914067e+02 1.147000000000025324e+02 1.145555555555579446e+02 1.145666666666690929e+02 1.143888888888914295e+02 1.146666666666692294e+02 1.144555555555579502e+02 1.139222222222248178e+02
1.200666666666679845e+02 1.228111111111120834e+02 1.231481481481490761e+02 1.242370370370379504e+02 1.241259259259268362e+02 1.243888888888898379e+02 1.246000000000007475e+02 1.246111111111118959e+02 1.245814814814823563e+02 1.241481481481491613e+02 1.243518518518526292e+02 1.241148148148157446e+02
1.351777777777750771e+02 1.374481481481434457e+02 1.385160493827105768e+02 1.386962962962906261e+02 1.389604938271546644e+02 1.391839506172779863e+02 1.393358024691295327e+02 1.393074074074011719e+02 1.392975308641914012e+02 1.391604938271546246e+02 1.389296296296236619e+02 1.389493827160435728e+02
1.462658436213973232e+02 1.483255144032883095e+02 1.491695473250982218e+02 1.498370370370322178e+02 1.499695473250978921e+02 1.503246913580195780e+02 1.503711934156324332e+02 1.500530864197476717e+02 1.503592592592539745e+02 1.500905349794188339e+02 1.499781893004063988e+02 1.499057613168674550e+02
1.529818930041066380e+02 1.550327846364777429e+02 1.559821673525262327e+02 1.562545953360655631e+02 1.566943758573270884e+02 1.566983539094535161e+02 1.567185185185067269e+02 1.569447187928546157e+02 1.566714677640487423e+02 1.565519890260515865e+02 1.567293552811952395e+02 1.564023319615797334e+02
1.600344764517675742e+02 1.615469135802508731e+02 1.625782350251518551e+02 1.630964791952486621e+02 1.633255601280323503e+02 1.637041152263415995e+02 1.637476909007812367e+02 1.637046639231852225e+02 1.637240512117096785e+02 1.634114311842745053e+02 1.635244170096054859e+02 1.632032464563365863e+02
1.639402225270507358e+02 1.653043895747540546e+02 1.665737235177492153e+02 1.670802621551528659e+02 1.674029873494818048e+02 1.676254686785489696e+02 1.675051668952844182e+02 1.675323731138473420e+02 1.674425087639023388e+02 1.674810547172618556e+02 1.672818930041086674e+02 1.672533607681686760e+02
1.690490372402416313e+02 1.704548239597428392e+02 1.715888939693948601e+02 1.720928313773111427e+02 1.723089061626579905e+02 1.724819641314651619e+02 1.725463496418037437e+02 1.725085251231824657e+02 1.725045013463206089e+02 1.724858202509580281e+02 1.722008179647216934e+02 1.720292181069764581e+02
1.727549221832655917e+02 1.740514572642967437e+02 1.751820589679655882e+02 1.755333909126221101e+02 1.759263493031109533e+02 1.761462294026910058e+02 1.761759318531978238e+02 1.761675879354335450e+02 1.760664515910427497e+02 1.759593286931091711e+02 1.759119053667204184e+02 1.757299005910256540e+02
1.746012170682946874e+02 1.759925525128652168e+02 1.770861589527138165e+02 1.775334473629040986e+02 1.778975032035333754e+02 1.780457049794617035e+02 1.780499731860921031e+02 1.780797806341424518e+02 1.780237322675325800e+02 1.779547607354136289e+02 1.778009760255416722e+02 1.776617470236390659e+02
1.775169062981277364e+02 1.789005343960690482e+02 1.798214962714231717e+02 1.804606976126809741e+02 1.806837090099955674e+02 1.808488669485081743e+02 1.809379159680599685e+02 1.809253330096496200e+02 1.807991477887138672e+02 1.807440494805275080e+02 1.805871818320038642e+02 1.804140405049327001e+02
1.801713164771813638e+02 1.817373517786774642e+02 1.826511201305111172e+02 1.832029715433060630e+02 1.834763376052639501e+02 1.836486890672970276e+02 1.836729963751645869e+02 1.837112819045061372e+02 1.836087325465662161e+02 1.835484960072938065e+02 1.833690201419915411e+02 1.832400676022604102e+02
1.812205432649528518e+02 1.827882913101443023e+02 1.837339166947114677e+02 1.842580216596417415e+02 1.845426918299889394e+02 1.846831862592885045e+02 1.847807989973170493e+02 1.847656469233636756e+02 1.846648103091191047e+02 1.845771698707210930e+02 1.844233851608490795e+02 1.842742222455128172e+02
1.816724792346992388e+02 1.832226431112850946e+02 1.841691819591564467e+02 1.847033350204327746e+02 1.849809258501725253e+02 1.851154827679948767e+02 1.852082998236764411e+02 1.852020540169388880e+02 1.851053279875631574e+02 1.850293342062935267e+02 1.848563667670335917e+02 1.846996677794377888e+02
1.820001080731342142e+02 1.835475315598075099e+02 1.844876761645495549e+02 1.850204590308696027e+02 1.852911988858279528e+02 1.854263647791864287e+02 1.855223789564326466e+02 1.855153719302749380e+02 1.854261058512167324e+02 1.853309293405591802e+02 1.851710548753259218e+02 1.850320161782777291e+02
1.823881269855319829e+02 1.839182961653500286e+02 1.848722442155762735e+02 1.854024896838293728e+02 1.856880479434987024e+02 1.858279841452230414e+02 1.859270432001495976e+02 1.858919218034100993e+02 1.858223459333514143e+02 1.857221961224826430e+02 1.855585663081103007e+02 1.854207455621342433e+02
