2.835347284950612799e-03
1.309635056532517175e-02
3.399731866874442648e-02
5.777332286895726227e-02
7.686767113438643106e-02
8.841322729367730171e-02
9.761982945182687277e-02
9.425079361926043398e-02
8.791613745171499017e-02
7.953789428187087174e-02
6.753214801284440627e-02
5.883771173613029648e-02
4.963066832339466800e-02
3.831339744233893535e-02
3.364939150917226063e-02
2.670042589693256974e-02
2.036974349197146275e-02
1.639794593217102150e-02
1.253367588667990071e-02
1.029575949511721614e-02
7.728540090982318790e-03
5.849358046172556044e-03
4.467829230632360850e-03
3.790797433196999369e-03
2.431604639895165038e-03
1.990679172662362245e-03
1.596466054613106299e-03
1.291559910636554511e-03
9.995590152732439487e-04
8.692315174851093828e-04
4.844695644619638909e-04
4.468714148364809195e-04
3.313296918022692232e-04
2.722203739920177399e-04
2.321281626710768422e-04
1.630343870372750841e-04
9.564051438822408541e-05
1.103072842958686522e-04
8.736840598790444911e-05
3.611747622544217814e-05
3.582292794010071203e-05
2.276582007690068759e-05
2.134595725938816081e-05
1.711854360143999948e-05
2.372215201692757738e-05
1.009409923924214464e-05
7.689486049164802466e-06
1.756827910142880566e-05
