1.330000000000000236e-03
7.090000000000001683e-03
1.912000000000000505e-02
3.622000000000000913e-02
5.329000000000001097e-02
6.798000000000001264e-02
7.594000000000000750e-02
8.160000000000001974e-02
8.182000000000001771e-02
7.892000000000001791e-02
7.410000000000001308e-02
6.682000000000001827e-02
5.958000000000001489e-02
4.908000000000001251e-02
4.361000000000000987e-02
3.588000000000000911e-02
3.107000000000000733e-02
2.603000000000000799e-02
2.123000000000000234e-02
1.661000000000000323e-02
1.365000000000000414e-02
1.119000000000000203e-02
9.120000000000001369e-03
8.380000000000002031e-03
5.690000000000000613e-03
4.630000000000000435e-03
3.980000000000000898e-03
3.390000000000000652e-03
2.910000000000000260e-03
2.250000000000000264e-03
1.370000000000000124e-03
1.170000000000000250e-03
1.180000000000000276e-03
6.300000000000001345e-04
6.900000000000000751e-04
5.000000000000001188e-04
3.500000000000000507e-04
2.900000000000000559e-04
4.100000000000000996e-04
1.400000000000000148e-04
1.700000000000000393e-04
1.100000000000000310e-04
9.000000000000001922e-05
5.000000000000001595e-05
9.000000000000001922e-05
7.000000000000000742e-05
6.000000000000001507e-05
1.000000000000000251e-05
2.000000000000000502e-05
3.000000000000000754e-05
3.000000000000000754e-05
1.000000000000000251e-05
1.000000000000000251e-05
1.000000000000000251e-05
