1.200909454997219159e-03
6.915707638085669476e-03
1.943773030223688511e-02
3.544513798483794192e-02
5.291268238892144621e-02
6.766833486595347225e-02
7.909777707345294617e-02
8.301860936522069412e-02
8.150864226104335974e-02
7.956112852912151923e-02
7.339593887607698264e-02
6.673730488397412730e-02
5.980328794773478313e-02
4.837141939511467592e-02
4.298039119439542310e-02
3.536199119593918389e-02
3.062143440517922297e-02
2.565419818367606006e-02
2.092349702033971179e-02
1.637019715062848144e-02
1.345293143323773519e-02
1.102844708702785566e-02
8.988332210339096753e-03
8.397609850637578061e-03
6.127329504848649799e-03
4.994185819146308887e-03
3.840436762120035940e-03
3.061135728240948432e-03
2.918640536272106706e-03
2.466394223348877379e-03
1.443812998168159936e-03
1.384204479765997102e-03
9.342336861977050197e-04
7.944283182732890351e-04
7.762522197916690847e-04
4.878532567485419210e-04
3.647525088478822128e-04
3.837660638587486500e-04
3.534975154646801971e-04
1.389106194494871304e-04
1.832472332444684332e-04
9.279410845496079813e-05
7.905009683590632889e-05
6.145138525957216061e-05
8.793002103423234615e-05
4.447632786092035759e-05
4.903076568942430955e-05
8.263660619057355722e-06
1.775208167386904876e-05
1.198171785913269499e-05
1.276241906047609952e-05
5.144041768317102988e-06
8.306433215131983505e-06
3.444306409464066117e-06
2.961901334468619219e-06
7.928560965232476192e-06
