6.140000000000060254e+01 6.110000000000059828e+01 6.330000000000062954e+01 6.440000000000061675e+01 6.440000000000061675e+01 6.470000000000059970e+01 6.490000000000058833e+01 6.540000000000055991e+01 6.550000000000055422e+01 6.540000000000055991e+01 6.520000000000057128e+01 6.480000000000059401e+01 6.480000000000059401e+01 6.470000000000059970e+01
9.486666666666563685e+01 9.283333333333243331e+01 9.729999999999877502e+01 9.753333333333206667e+01 9.806666666666536969e+01 9.789999999999871250e+01 9.856666666666534127e+01 9.833333333333202120e+01 9.856666666666534127e+01 9.873333333333199846e+01 9.846666666666534695e+01 9.839999999999868407e+01 9.866666666666533558e+01 9.843333333333201551e+01
1.618888888888983217e+02 1.620777777777877020e+02 1.638333333333424946e+02 1.639333333333424321e+02 1.644222222222312837e+02 1.649666666666758488e+02 1.650555555555646094e+02 1.652222222222313519e+02 1.647888888888979011e+02 1.650000000000090097e+02 1.650888888888979693e+02 1.648000000000090495e+02 1.645777777777867357e+02 1.643444444444534156e+02
1.748074074074147291e+02 1.747888888888967358e+02 1.765740740740811532e+02 1.767333333333403402e+02 1.771925925925995671e+02 1.774407407407478843e+02 1.774703703703773954e+02 1.779333333333403857e+02 1.778259259259328076e+02 1.774740740740810452e+02 1.773555555555626313e+02 1.774814814814884585e+02 1.776148148148216421e+02 1.770851851851920742e+02
1.899382716049358635e+02 1.903345679012324183e+02 1.915271604938246242e+02 1.919432098765404362e+02 1.927975308641944707e+02 1.935395061728362975e+02 1.931938271604907413e+02 1.933407407407378855e+02 1.931543209876513458e+02 1.933555555555523142e+02 1.932962962962931215e+02 1.931851851851820641e+02 1.925876543209848535e+02 1.928679012345646413e+02
2.052008230452662474e+02 2.069271604938262783e+02 2.079485596707806110e+02 2.083514403292165866e+02 2.087053497942368381e+02 2.089469135802448818e+02 2.093123456790104910e+02 2.092485596707802529e+02 2.094045267489694595e+02 2.091843621399156632e+02 2.090592592592572885e+02 2.090403292181050858e+02 2.089695473251013311e+02 2.086308641975288083e+02
2.127596707818841821e+02 2.144596707818845687e+02 2.155600823045178345e+02 2.158751714677549955e+02 2.163695473250933503e+02 2.166813443072604457e+02 2.166604938271512708e+02 2.166406035665204399e+02 2.167087791495108320e+02 2.166641975308546648e+02 2.167410150891535636e+02 2.165640603566434947e+02 2.163089163237222294e+02 2.162862825788654391e+02
2.196074074074138878e+02 2.214888431641590785e+02 2.224078189300475401e+02 2.231911294010132281e+02 2.235040695016067787e+02 2.236988111568417423e+02 2.238886602652104045e+02 2.239741197988184922e+02 2.239427983539165723e+02 2.238221307727545195e+02 2.237175125743086141e+02 2.236049382716112177e+02 2.235546410608211829e+02 2.233739826246060147e+02
2.247461362597095160e+02 2.263934613625915802e+02 2.275543514708052726e+02 2.281971955494530846e+02 2.283891784788840198e+02 2.286775643956642341e+02 2.288440024386465836e+02 2.289879896357204530e+02 2.289020423715838035e+02 2.288984301173533140e+02 2.287743026977521481e+02 2.286500228623615953e+02 2.286738606919615506e+02 2.283215211095800896e+02
2.278025809073670018e+02 2.296684092871879841e+02 2.306472133312859114e+02 2.312744500330095150e+02 2.315964944368088538e+02 2.317782299446069771e+02 2.320955392978566749e+02 2.320808514962010918e+02 2.320885484936096930e+02 2.319756846009097444e+02 2.320440481633738159e+02 2.319041609510590547e+02 2.317016918152579876e+02 2.315730579687901809e+02
2.302130535656745849e+02 2.321309065352432128e+02 2.330663567545514354e+02 2.335548612169479838e+02 2.340347135429818479e+02 2.341973733678725011e+02 2.343464698809381446e+02 2.344549069416853229e+02 2.343689596775481618e+02 2.343462717404107991e+02 2.343504716421861076e+02 2.342088502768797582e+02 2.340063811410786911e+02 2.339002912835015309e+02
2.337449451585135876e+02 2.355067243588405574e+02 2.364664527200308157e+02 2.371896458872870426e+02 2.374960829141635088e+02 2.377859139584362538e+02 2.378783614737771472e+02 2.380284182063221010e+02 2.379713734920445063e+02 2.379544660648790568e+02 2.378569289911486919e+02 2.378286056212918425e+02 2.376596634433278723e+02 2.375246710358911457e+02
2.366305757364926876e+02 2.382767447373813923e+02 2.392611366077851471e+02 2.398718025142547958e+02 2.403138888418054933e+02 2.405567050716400104e+02 2.407031040133854276e+02 2.406689551614920788e+02 2.407213547693493751e+02 2.407275693820715787e+02 2.406516128789030233e+02 2.405223232682034222e+02 2.403649421101832786e+02 2.401582713790948276e+02
2.395105542602239268e+02 2.412343105505119922e+02 2.422562115078439149e+02 2.428473521361865721e+02 2.432457634995058413e+02 2.434454185882175352e+02 2.435959281148317928e+02 2.436830415165692330e+02 2.436686441203078743e+02 2.436018958516081625e+02 2.435346743412858928e+02 2.434079538461293168e+02 2.433440884938752902e+02 2.431589983333482508e+02
2.401648223518476755e+02 2.418471302447082678e+02 2.428621802272587900e+02 2.434879182782475198e+02 2.438736553382211980e+02 2.440846145353222028e+02 2.442378644518490205e+02 2.443294309871943710e+02 2.443081826161516119e+02 2.442541086507974910e+02 2.441947657614738318e+02 2.440543433167544549e+02 2.439490295670729552e+02 2.437930560493668679e+02
2.407944269342583823e+02 2.424954608248548027e+02 2.434881309564527498e+02 2.441042776427475189e+02 2.444781396797667696e+02 2.446996037048659218e+02 2.448539954505229730e+02 2.449359706211743628e+02 2.449147222501316037e+02 2.448702396494714435e+02 2.447839495926742757e+02 2.447047291893354100e+02 2.445777206861794753e+02 2.444176365836045477e+02
2.415902057160890593e+02 2.432950457037862577e+02 2.443110091496409666e+02 2.449553209544814933e+02 2.453133496275615073e+02 2.455675460877273508e+02 2.457071701766333831e+02 2.457775748120984076e+02 2.457479530274339368e+02 2.457189993029449511e+02 2.456313390511915031e+02 2.455519664039686063e+02 2.454254146324647650e+02 2.452488881904144762e+02
2.427489846653031123e+02 2.444997008100507401e+02 2.455331215546060548e+02 2.461338916086177449e+02 2.465345485692224941e+02 2.467805238596514243e+02 2.469365902880312831e+02 2.469849703082751944e+02 2.469666145710279750e+02 2.469424311549048525e+02 2.468617741218161825e+02 2.467666696065782048e+02 2.466569661582389017e+02 2.464448146473286556e+02
