3.670000000000025153e+01 3.760000000000026432e+01 3.900000000000028422e+01 3.740000000000026148e+01 3.840000000000027569e+01 3.710000000000025722e+01 3.690000000000025437e+01 3.690000000000025437e+01
5.323333333333440720e+01 5.480000000000111982e+01 5.513333333333441999e+01 5.453333333333444699e+01 5.513333333333444131e+01 5.363333333333441288e+01 5.383333333333442994e+01 5.303333333333439015e+01
7.056666666666872345e+01 7.115555555555776834e+01 7.144444444444665976e+01 7.111111111111330274e+01 7.157777777778004236e+01 7.047777777777983488e+01 7.018888888889091504e+01 7.014444444444642102e+01
8.514444444444411886e+01 8.579259259259241333e+01 8.649629629629605176e+01 8.607407407407382038e+01 8.645185185185168564e+01 8.541111111111072773e+01 8.506296296296255832e+01 8.475185185185144121e+01
9.484320987654362511e+01 9.600493827160553906e+01 9.664938271604991371e+01 9.610864197530915476e+01 9.644691358024751082e+01 9.493209876543244263e+01 9.480123456790157377e+01 9.441111111111143828e+01
1.014670781893013327e+02 1.025761316872439011e+02 1.030625514403302390e+02 1.026008230452684984e+02 1.029522633744866909e+02 1.014506172839514591e+02 1.015962962962971545e+02 1.011666666666675098e+02
1.070945130315544560e+02 1.081245541838179633e+02 1.084617283950660749e+02 1.079034293552854820e+02 1.083689986282623181e+02 1.067532235939684426e+02 1.071447187928712168e+02 1.069170096021991725e+02
1.108929583904929075e+02 1.117064471879324969e+02 1.120728852309135704e+02 1.116550525834511944e+02 1.120562414266155145e+02 1.105165523548273399e+02 1.106271147690936800e+02 1.105047553726602985e+02
1.164608901082245467e+02 1.175397043133766459e+02 1.180856271909867701e+02 1.176131687242894657e+02 1.179714372809120562e+02 1.165331961591316059e+02 1.163979423868407679e+02 1.162521719250209884e+02
1.197800589341062079e+02 1.207756337956625288e+02 1.212929431489116041e+02 1.207866686988785148e+02 1.212177716811474113e+02 1.196650764619227658e+02 1.197899456383687351e+02 1.195583346034658092e+02
1.212246083760991695e+02 1.223329031821087227e+02 1.227583024268036240e+02 1.222919134955770630e+02 1.226727260410899021e+02 1.212535606022175472e+02 1.213714931666971637e+02 1.210999966129877095e+02
1.226708919710718675e+02 1.237109767594128442e+02 1.242681716314673679e+02 1.237670996404093273e+02 1.241571610018772276e+02 1.226339463835104340e+02 1.228489915155181933e+02 1.225092849441401626e+02
1.240813364042187033e+02 1.250736356434585304e+02 1.255660888038276255e+02 1.250935339952976904e+02 1.255013222540127913e+02 1.240336005313763650e+02 1.241692599931031822e+02 1.238380315030172909e+02
1.245936180435120946e+02 1.255895140445122564e+02 1.261014924830088830e+02 1.256130091581117512e+02 1.260146315395234211e+02 1.245335504160628943e+02 1.246707513471155693e+02 1.243508269654193015e+02
1.251759508999552963e+02 1.261704767059991212e+02 1.266488853680654927e+02 1.261501255809958337e+02 1.265616818758409465e+02 1.250744348750769035e+02 1.252201995246066843e+02 1.249187727748209653e+02
1.254627783774699310e+02 1.264646118899472498e+02 1.269224676276694197e+02 1.264317006445113947e+02 1.268549035964848883e+02 1.253667431324166586e+02 1.254962938082971249e+02 1.252046867890314132e+02
1.262075554581501819e+02 1.272445573078386900e+02 1.276984547045760507e+02 1.271987053322601895e+02 1.276350012582603597e+02 1.261517125984811258e+02 1.262963354188806733e+02 1.260138630326568290e+02
1.262603333379501009e+02 1.272960157406436110e+02 1.277478832189271287e+02 1.272479308547658832e+02 1.276865611869879729e+02 1.262018515842910489e+02 1.263479968435309786e+02 1.260635960347759834e+02
