0.000000000000000000e+00 0.000000000000000000e+00 0.000000000000000000e+00 0.000000000000000000e+00 0.000000000000000000e+00 0.000000000000000000e+00 0.000000000000000000e+00 0.000000000000000000e+00 3.230000000000018900e+01 3.590000000000024016e+01 0.000000000000000000e+00 0.000000000000000000e+00 3.180000000000018190e+01
0.000000000000000000e+00 0.000000000000000000e+00 0.000000000000000000e+00 0.000000000000000000e+00 0.000000000000000000e+00 0.000000000000000000e+00 0.000000000000000000e+00 0.000000000000000000e+00 5.883333333333484205e+01 5.636666666666792480e+01 0.000000000000000000e+00 0.000000000000000000e+00 5.146666666666781964e+01
0.000000000000000000e+00 0.000000000000000000e+00 0.000000000000000000e+00 0.000000000000000000e+00 0.000000000000000000e+00 0.000000000000000000e+00 0.000000000000000000e+00 0.000000000000000000e+00 7.327777777778071311e+01 7.201111111111359264e+01 0.000000000000000000e+00 0.000000000000000000e+00 6.582222222222361552e+01
0.000000000000000000e+00 0.000000000000000000e+00 0.000000000000000000e+00 0.000000000000000000e+00 0.000000000000000000e+00 0.000000000000000000e+00 0.000000000000000000e+00 0.000000000000000000e+00 8.243333333333477242e+01 8.244074074074151781e+01 0.000000000000000000e+00 0.000000000000000000e+00 7.586666666666641845e+01
0.000000000000000000e+00 0.000000000000000000e+00 0.000000000000000000e+00 0.000000000000000000e+00 0.000000000000000000e+00 0.000000000000000000e+00 0.000000000000000000e+00 0.000000000000000000e+00 9.651728395061979882e+01 9.618888888889071609e+01 0.000000000000000000e+00 0.000000000000000000e+00 8.754074074074138423e+01
0.000000000000000000e+00 0.000000000000000000e+00 0.000000000000000000e+00 0.000000000000000000e+00 0.000000000000000000e+00 0.000000000000000000e+00 0.000000000000000000e+00 0.000000000000000000e+00 1.046687242798385284e+02 1.047485596707843740e+02 0.000000000000000000e+00 0.000000000000000000e+00 9.716707818930179030e+01
0.000000000000000000e+00 0.000000000000000000e+00 0.000000000000000000e+00 0.000000000000000000e+00 0.000000000000000000e+00 0.000000000000000000e+00 0.000000000000000000e+00 0.000000000000000000e+00 1.160816186557028971e+02 1.159683127572110379e+02 0.000000000000000000e+00 0.000000000000000000e+00 1.096510288065934304e+02
0.000000000000000000e+00 0.000000000000000000e+00 0.000000000000000000e+00 0.000000000000000000e+00 0.000000000000000000e+00 0.000000000000000000e+00 0.000000000000000000e+00 0.000000000000000000e+00 1.245096021947959173e+02 1.252683584819463221e+02 0.000000000000000000e+00 0.000000000000000000e+00 1.211868312757270019e+02
0.000000000000000000e+00 0.000000000000000000e+00 0.000000000000000000e+00 0.000000000000000000e+00 0.000000000000000000e+00 0.000000000000000000e+00 0.000000000000000000e+00 0.000000000000000000e+00 1.261132601737641750e+02 1.265286541685807435e+02 0.000000000000000000e+00 0.000000000000000000e+00 1.222247218411906431e+02
0.000000000000000000e+00 0.000000000000000000e+00 0.000000000000000000e+00 0.000000000000000000e+00 0.000000000000000000e+00 0.000000000000000000e+00 0.000000000000000000e+00 0.000000000000000000e+00 1.268416044302272354e+02 1.275327287507048197e+02 0.000000000000000000e+00 0.000000000000000000e+00 1.230935324899715795e+02
0.000000000000000000e+00 0.000000000000000000e+00 0.000000000000000000e+00 0.000000000000000000e+00 0.000000000000000000e+00 0.000000000000000000e+00 0.000000000000000000e+00 0.000000000000000000e+00 1.274034699995018087e+02 1.280391014242485710e+02 0.000000000000000000e+00 0.000000000000000000e+00 1.237594472387414442e+02
0.000000000000000000e+00 0.000000000000000000e+00 0.000000000000000000e+00 0.000000000000000000e+00 0.000000000000000000e+00 0.000000000000000000e+00 0.000000000000000000e+00 0.000000000000000000e+00 1.293908093278456022e+02 1.296252733605415699e+02 0.000000000000000000e+00 0.000000000000000000e+00 1.259664459460179273e+02
0.000000000000000000e+00 0.000000000000000000e+00 0.000000000000000000e+00 0.000000000000000000e+00 0.000000000000000000e+00 0.000000000000000000e+00 0.000000000000000000e+00 0.000000000000000000e+00 1.306717703376215809e+02 1.308407219239691983e+02 0.000000000000000000e+00 0.000000000000000000e+00 1.273237096874231611e+02
0.000000000000000000e+00 0.000000000000000000e+00 0.000000000000000000e+00 0.000000000000000000e+00 0.000000000000000000e+00 0.000000000000000000e+00 0.000000000000000000e+00 0.000000000000000000e+00 1.309317648305757302e+02 1.312605154036995145e+02 0.000000000000000000e+00 0.000000000000000000e+00 1.276715679319583927e+02
0.000000000000000000e+00 0.000000000000000000e+00 0.000000000000000000e+00 0.000000000000000000e+00 0.000000000000000000e+00 0.000000000000000000e+00 0.000000000000000000e+00 0.000000000000000000e+00 1.310537121816846593e+02 1.313595119892907519e+02 0.000000000000000000e+00 0.000000000000000000e+00 1.277931727343332966e+02
0.000000000000000000e+00 0.000000000000000000e+00 0.000000000000000000e+00 0.000000000000000000e+00 0.000000000000000000e+00 0.000000000000000000e+00 0.000000000000000000e+00 0.000000000000000000e+00 1.313042294928578713e+02 1.316673491228016815e+02 0.000000000000000000e+00 0.000000000000000000e+00 1.281482815938358897e+02
0.000000000000000000e+00 0.000000000000000000e+00 0.000000000000000000e+00 0.000000000000000000e+00 0.000000000000000000e+00 0.000000000000000000e+00 0.000000000000000000e+00 0.000000000000000000e+00 1.315073228341553886e+02 1.318396891995249121e+02 0.000000000000000000e+00 0.000000000000000000e+00 1.283818237119396315e+02
0.000000000000000000e+00 0.000000000000000000e+00 0.000000000000000000e+00 0.000000000000000000e+00 0.000000000000000000e+00 0.000000000000000000e+00 0.000000000000000000e+00 0.000000000000000000e+00 1.316199833083279032e+02 1.319293100992495340e+02 0.000000000000000000e+00 0.000000000000000000e+00 1.284840301060763181e+02
