8.000000000000000654e-05
5.500000000000000331e-04
2.320000000000000014e-03
5.950000000000000427e-03
1.072000000000000036e-02
1.812000000000000069e-02
2.656000000000000028e-02
3.395000000000000101e-02
4.152999999999999747e-02
4.798000000000000181e-02
5.378999999999999754e-02
5.562000000000000277e-02
5.485000000000000292e-02
5.679000000000000020e-02
5.455999999999999739e-02
5.292999999999999788e-02
4.913000000000000006e-02
4.766999999999999710e-02
4.504999999999999977e-02
4.014999999999999819e-02
3.511999999999999844e-02
3.223999999999999783e-02
2.930999999999999925e-02
2.606999999999999942e-02
2.315000000000000044e-02
1.994999999999999898e-02
1.763999999999999943e-02
1.570999999999999827e-02
1.358999999999999965e-02
1.175999999999999962e-02
1.031999999999999931e-02
8.949999999999999623e-03
7.969999999999999654e-03
6.590000000000000371e-03
5.700000000000000205e-03
5.179999999999999709e-03
4.559999999999999817e-03
3.739999999999999835e-03
2.949999999999999931e-03
2.840000000000000076e-03
2.510000000000000078e-03
2.360000000000000119e-03
1.879999999999999944e-03
1.619999999999999912e-03
1.299999999999999940e-03
1.180000000000000059e-03
1.119999999999999902e-03
9.700000000000000505e-04
7.799999999999999859e-04
6.899999999999999667e-04
5.800000000000000034e-04
3.499999999999999964e-04
4.400000000000000157e-04
4.200000000000000174e-04
3.099999999999999999e-04
2.999999999999999737e-04
2.100000000000000087e-04
1.600000000000000131e-04
1.200000000000000030e-04
1.800000000000000113e-04
1.499999999999999869e-04
1.000000000000000048e-04
5.000000000000000240e-05
5.000000000000000240e-05
9.000000000000000567e-05
3.000000000000000076e-05
6.999999999999999387e-05
6.000000000000000152e-05
6.000000000000000152e-05
5.000000000000000240e-05
1.000000000000000082e-05
2.000000000000000164e-05
5.000000000000000240e-05
1.000000000000000082e-05
3.000000000000000076e-05
1.000000000000000082e-05
1.000000000000000082e-05
1.000000000000000082e-05
1.000000000000000082e-05
1.000000000000000082e-05
