1.009595522265974919e-04
6.325072655551007301e-04
2.053116842715158735e-03
6.030365531373128862e-03
1.128101849827638052e-02
1.893459213169747940e-02
2.677078114003878656e-02
3.456199334902064491e-02
4.172934345034366027e-02
4.810307270758071296e-02
5.286976891531446759e-02
5.687760315178615883e-02
5.825435766234687146e-02
5.717137353675596362e-02
5.645004819562596948e-02
5.452658509544516113e-02
5.134484555711917031e-02
4.798380714453020363e-02
4.332226852374353870e-02
3.861019048231449646e-02
3.377309812550149254e-02
3.100355021543759262e-02
2.818591987637952129e-02
2.507017847755763085e-02
2.226216462429839518e-02
1.918488916867183702e-02
1.696348094914141083e-02
1.510749918996664130e-02
1.306880420061404605e-02
1.130898729942760896e-02
1.080835446288318062e-02
9.283539941996458641e-03
7.973842285669592231e-03
6.848913366452206997e-03
5.882686491739242025e-03
5.052772390084643919e-03
4.339940410194029381e-03
3.727672911013429208e-03
3.201782517304679800e-03
2.750083371808196165e-03
2.362108766295151381e-03
2.028868608495971136e-03
1.742641104963424522e-03
1.496793832775287049e-03
1.285630053975545667e-03
1.104256711574323193e-03
9.484710483285980608e-04
8.146632210502990261e-04
6.997326538343820370e-04
6.010161919558131222e-04
5.162263916277990382e-04
4.433985156803398053e-04
3.808450069505149691e-04
3.271163844483950651e-04
2.809676561901046626e-04
2.413294704209921785e-04
2.072833367491630876e-04
1.780403430170101643e-04
1.529228747411250447e-04
1.313489135260515069e-04
1.128185506169698414e-04
9.690240308527053978e-05
8.323166422852290895e-05
7.148955763412415826e-05
6.140399688140959578e-05
5.274128079388779077e-05
4.530067814888234887e-05
3.890977636224669003e-05
3.342048636853361141e-05
2.870561112227499811e-05
2.465589820617062819e-05
