1.185999999999975358e+02 1.162999999999976666e+02 1.192999999999974960e+02 1.192999999999974960e+02 1.204999999999974278e+02 1.189999999999975131e+02 1.214999999999973710e+02 1.214999999999973710e+02 1.215999999999973653e+02 1.218999999999973483e+02 1.221999999999973312e+02 1.225999999999973085e+02 1.225999999999973085e+02 1.225999999999973085e+02 1.224999999999973141e+02 1.222999999999973255e+02 1.216999999999973596e+02 1.221999999999973312e+02 1.217999999999973539e+02
1.671999999999947875e+02 1.660333333333281871e+02 1.690999999999946795e+02 1.676999999999947590e+02 1.698333333333279711e+02 1.697333333333279768e+02 1.706333333333279256e+02 1.704999999999945999e+02 1.713333333333278858e+02 1.708999999999945771e+02 1.711999999999945601e+02 1.710666666666612343e+02 1.711999999999945601e+02 1.711999999999945601e+02 1.718333333333278574e+02 1.711666666666612286e+02 1.710333333333279029e+02 1.705999999999945942e+02 1.710666666666612343e+02
2.527111111111192656e+02 2.533222222222307209e+02 2.555000000000081855e+02 2.550333333333417443e+02 2.563666666666745755e+02 2.568000000000077421e+02 2.576555555555626711e+02 2.571666666666740753e+02 2.573777777777848996e+02 2.574333333333404994e+02 2.575555555555625915e+02 2.576444444444514943e+02 2.581333333333400901e+02 2.581333333333400901e+02 2.580555555555622504e+02 2.567666666666740980e+02 2.573444444444516535e+02 2.567333333333409087e+02 2.580444444444513010e+02
3.009481481481915353e+02 3.017962962963408131e+02 3.034111111111569699e+02 3.031814814815272712e+02 3.049592592593058384e+02 3.051851851852314326e+02 3.050925925926374589e+02 3.059370370370832575e+02 3.057333333333789369e+02 3.059962962963421091e+02 3.059703703704159352e+02 3.064148148148606765e+02 3.061037037037486357e+02 3.059555555556003696e+02 3.062629629630080217e+02 3.060111111111577316e+02 3.060851851852311825e+02 3.055333333333797441e+02 3.057185185185633145e+02
3.189432098766009176e+02 3.213716049383316999e+02 3.218407407408012659e+02 3.217888888889494865e+02 3.228753086420361456e+02 3.236543209877152663e+02 3.236209876543805990e+02 3.244259259259868600e+02 3.248345679012953724e+02 3.248802469136410878e+02 3.246765432099369946e+02 3.248839506173445102e+02 3.248296296296894639e+02 3.249382716049981923e+02 3.252654320988256131e+02 3.249938271605555542e+02 3.248308641975917794e+02 3.246148148148764108e+02 3.245827160494425243e+02
3.455835390946524512e+02 3.480119341563832336e+02 3.486917695473297272e+02 3.494037037037068103e+02 3.504374485596742375e+02 3.504000000000052637e+02 3.510382716049408032e+02 3.514876543209922488e+02 3.517119341563834496e+02 3.517181069958897410e+02 3.517119341563827675e+02 3.518271604938316273e+02 3.519308641975342766e+02 3.519604938271641572e+02 3.518399176954781069e+02 3.519370370370426713e+02 3.519189300411567842e+02 3.519925925925971910e+02 3.518288065843652248e+02
3.564521262003008815e+02 3.583449931413171612e+02 3.590599451303432943e+02 3.604303155007136183e+02 3.608758573388470836e+02 3.614617283950917113e+02 3.616698216735516667e+02 3.621104252400832024e+02 3.620976680384368365e+02 3.625252400548988021e+02 3.625541838134714681e+02 3.625289437586017698e+02 3.625185185185455907e+02 3.625481481481754713e+02 3.624626886145690605e+02 3.625071330590141656e+02 3.623485596708097205e+02 3.624748971193695866e+02 3.623813443072968994e+02
3.696091449474724868e+02 3.710864654778796989e+02 3.722520804755945392e+02 3.727562414266670885e+02 3.732661636946132262e+02 3.740159122085628383e+02 3.744054412437675978e+02 3.746763145862475426e+02 3.748508459076925874e+02 3.749272519433581579e+02 3.749269318701977909e+02 3.751182441701525363e+02 3.752365797897217021e+02 3.750847736626067785e+02 3.750988111568926797e+02 3.751608139003776046e+02 3.750549154092926187e+02 3.749003200732153687e+02 3.748887059899951737e+02
3.769055936595399317e+02 3.782229385764740073e+02 3.793261240664920138e+02 3.800682975156587418e+02 3.808981710105511524e+02 3.815035512879518365e+02 3.818813747904634397e+02 3.820586038713981338e+02 3.822058222832258139e+02 3.824344002439024166e+02 3.825550373419046650e+02 3.824966316110720754e+02 3.825642432556375638e+02 3.824280445054468487e+02 3.825591373266643132e+02 3.825899253163008211e+02 3.824450083829053142e+02 3.823762536199112105e+02 3.822631915866836607e+02
3.828285932022770339e+02 3.841459381192111096e+02 3.854624244271932980e+02 3.863086470558547489e+02 3.869304221917577138e+02 3.873719250114542092e+02 3.878876136767963203e+02 3.881012599705541675e+02 3.882979017426418409e+02 3.883964182289500400e+02 3.885196565564396565e+02 3.885210791038165326e+02 3.885548747650462360e+02 3.886840014225670643e+02 3.885159528527372004e+02 3.885129248590379234e+02 3.885318853833466051e+02 3.883330691459840978e+02 3.883318599807133751e+02
3.858286778776754318e+02 3.870055564022931662e+02 3.883220427102753547e+02 3.893122000372362663e+02 3.898715456654430795e+02 3.903928195227513243e+02 3.906691950752581874e+02 3.909799539365433816e+02 3.912615692052174836e+02 3.913271367846860471e+02 3.914347677352516257e+02 3.914275195176707030e+02 3.915098714626640799e+02 3.915384172466744417e+02 3.914449372554816478e+02 3.914904655455460443e+02 3.913464156886481078e+02 3.912828633846272623e+02 3.912833883723480994e+02
3.930635641586999327e+02 3.944970973260769256e+02 3.956066413770595318e+02 3.968430484288300022e+02 3.974208916889473926e+02 3.979294484243171155e+02 3.983064048503377421e+02 3.986079148956676477e+02 3.987704516589174091e+02 3.989944052116202897e+02 3.989829576567615277e+02 3.990774464146887794e+02 3.991447690337548124e+02 3.990889193721731658e+02 3.990913958465164910e+02 3.990247822431230134e+02 3.989373813839512195e+02 3.989061999357738841e+02 3.987922708260480249e+02
3.990806896721301769e+02 4.002390705648440985e+02 4.016253083598156195e+02 4.025634410970353656e+02 4.032260651700741505e+02 4.037114998655562204e+02 4.040321926611835579e+02 4.043182880132550281e+02 4.045455664881902180e+02 4.045737534365109695e+02 4.047511358740680407e+02 4.047924439402536905e+02 4.048528299473534275e+02 4.048355170189178693e+02 4.048256617386544463e+02 4.047251358100924108e+02 4.046701058067633312e+02 4.046389243585859958e+02 4.045226830448713713e+02
4.038412607736191831e+02 4.051974635631569868e+02 4.065107384767025565e+02 4.072967795737667984e+02 4.079326848451566434e+02 4.084936515376078319e+02 4.089047772003546584e+02 4.090737208836576997e+02 4.093251490446986622e+02 4.094386306290525681e+02 4.095759348641362294e+02 4.096177567534305126e+02 4.096488548433381425e+02 4.095960881204068755e+02 4.095913710712297870e+02 4.095751121324836390e+02 4.095534806312157343e+02 4.094200483844203404e+02 4.093973228764770056e+02
4.059171061323835374e+02 4.071256704153821602e+02 4.085807605069027204e+02 4.094068798064381554e+02 4.099091910695906904e+02 4.105273634014665731e+02 4.108542220744021733e+02 4.111478534987267039e+02 4.113684522732513642e+02 4.114336344853963965e+02 4.115822428288693686e+02 4.116107053173399208e+02 4.116411183097694106e+02 4.116623421144772692e+02 4.116333041048262089e+02 4.115865583283028286e+02 4.115436888052125823e+02 4.114455390785414011e+02 4.113796524294752430e+02
4.085958372719111367e+02 4.098110241638651132e+02 4.112448762335633319e+02 4.121438442316076589e+02 4.127569129203928355e+02 4.133451693290566027e+02 4.136891554389457042e+02 4.140035681534404830e+02 4.141622797891064920e+02 4.143190366974962444e+02 4.143902290259393908e+02 4.144483790717960119e+02 4.144650901146627007e+02 4.144666744583305444e+02 4.144499682032860051e+02 4.144178378396296125e+02 4.143598961720202851e+02 4.142749916632598115e+02 4.142207516713220343e+02
4.098122659053198049e+02 4.110681019143100912e+02 4.125106318853980838e+02 4.133896559346343338e+02 4.140430692526877579e+02 4.145407405503530072e+02 4.148987330975729719e+02 4.151784342065086548e+02 4.154016972490038597e+02 4.155407938668460019e+02 4.156203596089108601e+02 4.156654166807408046e+02 4.156958296731702944e+02 4.156896495787525510e+02 4.156727910798239805e+02 4.156236094011561022e+02 4.155688648551114284e+02 4.155026863440867828e+02 4.154355056220063602e+02
4.184121169321526281e+02 4.202470886761054203e+02 4.214245112970843934e+02 4.225019598752115826e+02 4.231282737819024078e+02 4.236461427681862233e+02 4.239924632842949563e+02 4.242479068677038185e+02 4.244363568087107410e+02 4.245784983042340741e+02 4.246729839469367676e+02 4.247460538934336682e+02 4.247699711468099508e+02 4.247512055579766184e+02 4.247385083918790087e+02 4.247038406301581404e+02 4.246437168002100293e+02 4.245760158503447883e+02 4.244738190349306706e+02
