1.060427849123317845e-04
6.643535003622622710e-04
2.156489633227316217e-03
6.333989611511686713e-03
1.184900875471201279e-02
1.988793369762347635e-02
2.811866855348785221e-02
3.630216206412701513e-02
4.383038250908402600e-02
5.052502393536170699e-02
5.553171948373967354e-02
5.974134496770137220e-02
6.118741796644839442e-02
6.004990645653451170e-02
5.929226296154770787e-02
5.727195503306676400e-02
5.393001745441654976e-02
5.039975344662551288e-02
4.550351008557007582e-02
4.055418268447506108e-02
3.547354659722948972e-02
3.256455416556602867e-02
2.960505839307506909e-02
2.633244190745366933e-02
2.338304680312821085e-02
2.015083299016880505e-02
1.781757864393873278e-02
1.586814968799758752e-02
1.372680803691198222e-02
1.187838576262582185e-02
1.042388954679394908e-02
nan
nan
7.030135902783985445e-03
nan
nan
4.507420497757532070e-03
nan
nan
2.768929165157434872e-03
nan
nan
1.913909391854278505e-03
nan
nan
1.213648577973469546e-03
nan
nan
7.459076890153508227e-04
nan
nan
5.155756172867810398e-04
nan
nan
2.985745968467909211e-04
nan
nan
2.127910713268299297e-04
nan
nan
1.276527343922213961e-04
nan
nan
8.259397640598900722e-05
nan
nan
3.956490057493162039e-05
nan
nan
8.899996826309425842e-06
7.397776237339358132e-05
