4.999999999999999774e-07
1.500000000000000038e-06
5.499999999999999857e-06
1.099999999999999971e-05
2.500000000000000120e-05
4.800000000000000122e-05
9.200000000000000007e-05
1.714999999999999945e-04
2.809999999999999998e-04
4.595000000000000018e-04
7.064999999999999883e-04
1.046499999999999904e-03
1.517499999999999969e-03
2.074499999999999955e-03
2.809999999999999998e-03
3.630500000000000047e-03
4.703500000000000215e-03
5.749999999999999903e-03
7.084000000000000019e-03
8.427999999999999728e-03
9.891499999999999251e-03
1.140150000000000018e-02
1.290849999999999984e-02
1.452550000000000022e-02
1.612649999999999847e-02
1.741250000000000089e-02
1.892850000000000088e-02
2.038699999999999887e-02
2.163249999999999895e-02
2.264450000000000143e-02
2.346149999999999972e-02
2.438950000000000146e-02
2.491099999999999912e-02
2.563050000000000050e-02
2.583200000000000079e-02
2.618699999999999847e-02
2.609049999999999911e-02
2.625299999999999856e-02
2.585049999999999848e-02
2.573450000000000043e-02
2.527700000000000086e-02
2.490150000000000002e-02
2.430049999999999918e-02
2.357050000000000117e-02
2.295300000000000118e-02
2.219049999999999842e-02
2.147550000000000153e-02
2.054900000000000129e-02
1.975599999999999926e-02
1.903200000000000031e-02
1.825150000000000036e-02
1.746949999999999892e-02
1.663049999999999945e-02
1.600949999999999943e-02
1.509749999999999981e-02
1.436250000000000027e-02
1.347100000000000034e-02
1.283699999999999945e-02
1.217649999999999982e-02
1.139800000000000015e-02
1.087699999999999952e-02
1.009449999999999931e-02
9.478500000000000814e-03
9.010000000000000647e-03
8.597000000000000475e-03
7.891999999999999710e-03
7.445499999999999861e-03
7.011500000000000371e-03
6.673499999999999745e-03
6.187500000000000291e-03
5.771499999999999721e-03
5.460500000000000076e-03
4.979500000000000419e-03
4.738499999999999657e-03
4.450499999999999595e-03
4.106000000000000275e-03
3.834999999999999867e-03
3.560999999999999929e-03
3.406999999999999872e-03
3.062000000000000052e-03
2.909999999999999826e-03
2.722000000000000027e-03
2.565000000000000006e-03
2.350999999999999791e-03
2.154500000000000165e-03
2.062500000000000097e-03
1.948499999999999928e-03
1.810500000000000043e-03
1.663500000000000048e-03
1.534999999999999906e-03
1.453499999999999931e-03
1.326499999999999988e-03
1.253999999999999906e-03
1.171500000000000015e-03
1.080500000000000080e-03
9.920000000000000432e-04
9.435000000000000027e-04
8.419999999999999750e-04
8.354999999999999797e-04
7.935000000000000430e-04
7.004999999999999508e-04
6.614999999999999786e-04
5.890000000000000053e-04
5.789999999999999791e-04
5.150000000000000498e-04
4.775000000000000056e-04
4.614999999999999962e-04
4.099999999999999912e-04
4.105000000000000033e-04
3.800000000000000209e-04
3.289999999999999739e-04
3.179999999999999776e-04
2.975000000000000214e-04
2.624999999999999838e-04
2.615000000000000137e-04
2.369999999999999874e-04
2.049999999999999956e-04
2.075000000000000022e-04
1.994999999999999974e-04
1.855000000000000095e-04
1.710000000000000094e-04
1.575000000000000065e-04
1.424999999999999943e-04
1.314999999999999980e-04
1.164999999999999993e-04
1.269999999999999970e-04
1.145000000000000049e-04
1.169999999999999979e-04
9.399999999999999448e-05
8.650000000000000191e-05
8.899999999999999491e-05
7.650000000000000279e-05
7.250000000000000043e-05
6.150000000000000410e-05
6.600000000000000506e-05
5.450000000000000336e-05
4.699999999999999724e-05
3.699999999999999811e-05
4.800000000000000122e-05
4.800000000000000122e-05
4.350000000000000026e-05
3.550000000000000231e-05
3.800000000000000209e-05
3.149999999999999995e-05
3.049999999999999936e-05
2.599999999999999840e-05
2.900000000000000017e-05
2.449999999999999921e-05
2.699999999999999899e-05
2.150000000000000083e-05
2.400000000000000061e-05
2.199999999999999943e-05
1.949999999999999965e-05
2.199999999999999943e-05
2.250000000000000142e-05
1.000000000000000082e-05
1.200000000000000030e-05
1.650000000000000127e-05
1.200000000000000030e-05
9.500000000000000523e-06
1.000000000000000082e-05
7.999999999999999638e-06
1.150000000000000001e-05
9.000000000000000228e-06
6.000000000000000152e-06
1.150000000000000001e-05
6.000000000000000152e-06
4.500000000000000114e-06
6.999999999999999895e-06
5.000000000000000409e-06
6.999999999999999895e-06
3.000000000000000076e-06
7.999999999999999638e-06
7.999999999999999638e-06
2.500000000000000205e-06
2.500000000000000205e-06
2.500000000000000205e-06
9.999999999999999547e-07
3.999999999999999819e-06
3.999999999999999819e-06
3.499999999999999947e-06
2.500000000000000205e-06
3.499999999999999947e-06
1.500000000000000038e-06
3.999999999999999819e-06
1.500000000000000038e-06
2.500000000000000205e-06
1.999999999999999909e-06
1.500000000000000038e-06
1.999999999999999909e-06
2.500000000000000205e-06
1.500000000000000038e-06
1.999999999999999909e-06
2.500000000000000205e-06
1.500000000000000038e-06
1.999999999999999909e-06
4.999999999999999774e-07
9.999999999999999547e-07
4.999999999999999774e-07
4.999999999999999774e-07
4.999999999999999774e-07
1.500000000000000038e-06
9.999999999999999547e-07
4.999999999999999774e-07
9.999999999999999547e-07
4.999999999999999774e-07
4.999999999999999774e-07
4.999999999999999774e-07
4.999999999999999774e-07
4.999999999999999774e-07
4.999999999999999774e-07
4.999999999999999774e-07
4.999999999999999774e-07
4.999999999999999774e-07
4.999999999999999774e-07
4.999999999999999774e-07
