4.751852986567994743e-12
1.071120756934714755e-10
1.032365762791565984e-09
7.458674247515914128e-09
3.906904826879597904e-08
1.692691760324935686e-07
6.119474155515396442e-07
1.782697271028551835e-06
4.837126763884439213e-06
1.254360881209324631e-05
2.757669674478482750e-05
5.780165208972933201e-05
1.048774959927519483e-04
1.907975143627827636e-04
3.246916466075733644e-04
5.655317141112319295e-04
8.003864074420171271e-04
1.263221200956981443e-03
1.922085477003912741e-03
2.174138171964669439e-03
3.262188284787469715e-03
3.661488952667744240e-03
4.743647786495674284e-03
5.799080423588843548e-03
7.144467081861455814e-03
8.499939097392482726e-03
9.975931132161571999e-03
1.149882007818229732e-02
1.301868341702549191e-02
1.464948568571126236e-02
1.626415138278356279e-02
1.756112832621578232e-02
1.909006848659155348e-02
2.056101784273143412e-02
2.181714908926707386e-02
2.283778724381871003e-02
2.366176093183124454e-02
2.459768208541219386e-02
2.512363346643855383e-02
2.584927492118153924e-02
2.605249486993861316e-02
2.641052505261235611e-02
2.631320135506864596e-02
2.647708841051789677e-02
2.607115278086668056e-02
2.595416263666906406e-02
2.549275754209655645e-02
2.511405237704306126e-02
2.450792240581229492e-02
2.377169132594797452e-02
2.314892051524082561e-02
2.237991202428665088e-02
2.165880898030994942e-02
2.072440063031776719e-02
1.992463179972542298e-02
1.919445193421615362e-02
1.840728980019683270e-02
1.761861486258874815e-02
1.677245338860769777e-02
1.614615270286010387e-02
1.610776047596708394e-02
1.503030984711788490e-02
1.402493006010543768e-02
1.308680028499656020e-02
1.221142215792971226e-02
1.139459821130875926e-02
1.063241174680451193e-02
9.921208054654365172e-03
9.257576889205879067e-03
8.638336116674099133e-03
8.060516456702880583e-03
7.521347244565559052e-03
7.018243145734351200e-03
6.548791759114196837e-03
6.110742049498284548e-03
5.701993553778440457e-03
5.320586309153776776e-03
4.964691455043090257e-03
4.632602463636778696e-03
4.322726957038514235e-03
4.033579071759637973e-03
3.763772333953681846e-03
3.512013011227588331e-03
3.277093909151325857e-03
3.057888582719937333e-03
2.853345935011825096e-03
2.662485177143609702e-03
2.484391125354400761e-03
2.318209812668860486e-03
2.163144394096792184e-03
2.018451325734582202e-03
1.883436799447144603e-03
1.757453416034546623e-03
1.639897080931053061e-03
1.530204107551336396e-03
1.427848514394316213e-03
1.332339502944157551e-03
1.243219104274855295e-03
1.160059983073814371e-03
1.082463388554636471e-03
1.010057242433668161e-03
9.424943548021083670e-04
8.794507593387003615e-04
8.206241598803109714e-04
7.657324809016538732e-04
7.145125149536432499e-04
6.667186605748143128e-04
6.221217446240453683e-04
5.805079233876269578e-04
5.416776571914573525e-04
5.054447536015838809e-04
4.716354746252114541e-04
4.400877036311797190e-04
4.106501679952553278e-04
3.831817137428057598e-04
3.575506287107378125e-04
3.336340109832394620e-04
3.113171795729567388e-04
2.904931245217964777e-04
2.710619937845741762e-04
2.529306144350951485e-04
2.360120458988354487e-04
2.202251630699599873e-04
2.054942673137078390e-04
1.917487234888907261e-04
1.789226212500113198e-04
1.669544590049370060e-04
1.557868490126953684e-04
1.453662422073232526e-04
1.356426714282932809e-04
1.265695118262956614e-04
1.181032572955155723e-04
1.102033118603913404e-04
1.028317950165443152e-04
9.595336009248531077e-05
8.953502476113419913e-05
8.354601288845052280e-05
7.795760696083513415e-05
7.274301038368515449e-05
6.787721899082047343e-05
6.333690114866529647e-05
5.910028588027920686e-05
5.514705847278943493e-05
5.145826306765894579e-05
4.801621176670621712e-05
4.480439981803812662e-05
4.180742647520865147e-05
3.901092115012091667e-05
3.640147450557361971e-05
3.396657415703747902e-05
3.169454467535025142e-05
2.957449160264061965e-05
2.759624921303574125e-05
2.575033176766354900e-05
2.402788803021540465e-05
2.242065882496986547e-05
2.092093743376715058e-05
1.952153264203594112e-05
1.821573425667729739e-05
1.699728093046291700e-05
1.586033013866425029e-05
1.479943016394979791e-05
1.380949395521684708e-05
1.288577473501009566e-05
1.202384323856399807e-05
1.121956647532901868e-05
1.046908791114283023e-05
9.768808976019104743e-06
9.115371808883215035e-06
8.505643156515376127e-06
7.936699349495916441e-06
7.405812283111964285e-06
6.910436336003517339e-06
6.448196163823265309e-06
6.016875309380453371e-06
5.614405574654037421e-06
5.238857103713511618e-06
4.888429128994806593e-06
4.561441336559066399e-06
4.256325808930811955e-06
3.971619506880824101e-06
3.705957254103780506e-06
3.458065191151882769e-06
3.226754667235963634e-06
3.010916540604849406e-06
2.809515860173366354e-06
2.621586902897025411e-06
2.446228543097492080e-06
2.282599931534655911e-06
2.129916463506151563e-06
1.987446016641429543e-06
1.854505440350325869e-06
1.730457280092974603e-06
1.614706720763845204e-06
1.506698734533247870e-06
1.405915419470223443e-06
1.311873516185340288e-06
