5.550000000000051870e+01 6.190000000000060965e+01 6.490000000000058833e+01 6.610000000000052012e+01 6.750000000000044054e+01 7.100000000000024158e+01 7.150000000000021316e+01 7.260000000000015064e+01 7.360000000000009379e+01 7.400000000000007105e+01 7.539999999999999147e+01 7.599999999999995737e+01 7.569999999999997442e+01 7.659999999999992326e+01 7.809999999999983800e+01 7.689999999999990621e+01 7.579999999999996874e+01 7.649999999999992895e+01 7.450000000000004263e+01 7.919999999999977547e+01 7.619999999999994600e+01 8.049999999999970157e+01
9.609999999999911324e+01 1.004333333333319729e+02 1.082999999999981213e+02 1.098333333333313675e+02 1.105666666666646591e+02 1.117333333333312595e+02 1.131666666666645114e+02 1.153999999999977177e+02 1.169999999999976268e+02 1.170666666666642897e+02 1.181333333333308957e+02 1.189999999999975131e+02 1.198999999999974619e+02 1.193333333333308275e+02 1.181666666666642271e+02 1.192999999999974960e+02 1.209999999999973994e+02 1.208333333333307422e+02 1.202333333333307763e+02 1.182666666666642215e+02 1.199999999999974563e+02 1.195666666666641476e+02
1.101000000000013017e+02 1.174555555555568560e+02 1.197666666666665805e+02 1.221888888888888545e+02 1.255000000000003268e+02 1.260444444444446077e+02 1.270333333333333456e+02 1.293555555555554406e+02 1.296666666666662593e+02 1.313777777777776237e+02 1.314222222222218477e+02 1.329555555555552360e+02 1.327888888888883514e+02 1.340444444444442240e+02 1.336333333333332973e+02 1.331222222222218647e+02 1.346444444444439625e+02 1.333222222222215692e+02 1.353444444444442354e+02 1.355111111111113473e+02 1.341777777777774361e+02 1.349888888888887664e+02
1.220407407407400910e+02 1.268777777777775384e+02 1.294259259259242754e+02 1.343666666666646563e+02 1.362851851851837637e+02 1.373333333333316659e+02 1.382629629629611543e+02 1.400518518518499889e+02 1.403037037037015580e+02 1.405925925925909326e+02 1.433037037037013874e+02 1.421999999999981696e+02 1.441962962962938946e+02 1.450370370370350201e+02 1.436481481481464755e+02 1.443814814814792840e+02 1.447777777777756398e+02 1.441074074074049918e+02 1.470481481481460264e+02 1.471259259259242640e+02 1.456444444444422288e+02 1.444703703703686983e+02
1.394037037036961806e+02 1.442604938271498725e+02 1.472037037036906213e+02 1.478382716049275984e+02 1.498950617283848885e+02 1.509234567901130504e+02 1.523469135802360483e+02 1.537407407407300752e+02 1.547432098765317789e+02 1.550716049382606343e+02 1.564395061728287430e+02 1.562246913580138425e+02 1.570555555555448848e+02 1.574024691357925008e+02 1.574160493827055234e+02 1.599469135802347068e+02 1.593160493827045627e+02 1.583691358024575493e+02 1.593740740740640263e+02 1.608543209876438311e+02 1.596888888888776421e+02 1.600160493827043808e+02
1.441312757201574470e+02 1.499493827160391959e+02 1.520102880658309061e+02 1.544753086419651424e+02 1.549386831275622285e+02 1.570337448559571385e+02 1.582728395061624269e+02 1.597720164608951450e+02 1.605901234567791391e+02 1.615374485596603051e+02 1.624576131687139764e+02 1.624798353909361310e+02 1.645090534979322854e+02 1.640526748971098812e+02 1.641189300411422494e+02 1.651880658436095928e+02 1.653341563785897961e+02 1.647823045267378745e+02 1.655502057613072964e+02 1.660032921810598623e+02 1.661547325102773129e+02 1.658761316872315774e+02
1.567732510287867456e+02 1.602648834018999082e+02 1.617288065843396794e+02 1.643430727023119005e+02 1.665886145404449223e+02 1.676828532235733462e+02 1.688604938271394644e+02 1.701489711933950275e+02 1.711075445815971250e+02 1.713086419752883671e+02 1.721146776405835794e+02 1.730411522633535242e+02 1.736569272976487639e+02 1.736658436213800769e+02 1.746012345678807094e+02 1.757669410150667488e+02 1.762115226337229217e+02 1.773013717420888327e+02 1.753038408778955954e+02 1.742908093278279580e+02 1.768652949245326909e+02 1.758492455418169129e+02
1.669921810699618447e+02 1.697229538180161512e+02 1.720238225880206642e+02 1.749775491540960672e+02 1.762105624142661497e+02 1.779193415637882651e+02 1.789974851394620714e+02 1.803093735711040608e+02 1.819058984910862762e+02 1.824640146319205201e+02 1.824389574759975972e+02 1.840736168267069388e+02 1.839285322359433223e+02 1.850728852309163130e+02 1.851069501600395313e+02 1.861263374485604061e+02 1.867406492912681699e+02 1.858698216735208746e+02 1.867167352537784382e+02 1.875824417009715148e+02 1.874646547782372181e+02 1.889418838591758458e+02
1.746905197378276569e+02 1.794658588629532687e+02 1.816457704617951663e+02 1.833704160950891549e+02 1.850950617283718032e+02 1.868038408778939186e+02 1.885062795305360623e+02 1.892484987044444438e+02 1.902519433013067385e+02 1.910168571863867442e+02 1.920101813747684218e+02 1.924352690138516095e+02 1.932539399481578641e+02 1.934423411065230880e+02 1.949669105319082121e+02 1.954712543819302084e+02 1.950905959457196843e+02 1.951093888126522700e+02 1.955661179698046226e+02 1.983125133363648160e+02 1.942811766498852535e+02 1.966441243712727101e+02
1.789695422445481370e+02 1.841168571863673833e+02 1.872488187775859956e+02 1.887835746583021148e+02 1.904952141441479228e+02 1.922612203423921358e+02 1.935916831783406451e+02 1.943000863689132416e+02 1.955662551439997117e+02 1.962895493572818282e+02 1.971580145302698384e+02 1.979056546257866671e+02 1.979647665497814444e+02 1.991546410607833764e+02 1.995476756591633887e+02 2.004500076207527002e+02 2.012190926179588644e+02 2.013601432707977494e+02 2.006749326829955180e+02 2.025863333841105600e+02 1.999674643092718611e+02 2.015214296600878470e+02
1.874200697725573832e+02 1.911869989330724309e+02 1.937068045182604124e+02 1.958866653118473380e+02 1.980699944114051334e+02 1.990868465172832487e+02 2.006809006079531628e+02 2.017846906806078664e+02 2.023780080949581190e+02 2.037221290792288073e+02 2.039610967162703048e+02 2.049532523836010682e+02 2.058777066503983519e+02 2.059265084929352554e+02 2.065727294280871433e+02 2.072114701349550501e+02 2.071897813679970000e+02 2.084892462192167955e+02 2.090248793374926493e+02 2.084824535555104035e+02 2.088532642381697428e+02 2.084753831563564859e+02
1.910039859551436052e+02 1.943246597458269491e+02 1.968433092290205479e+02 1.990243261246018562e+02 2.003498275443277237e+02 2.021216142525377109e+02 2.036173996736850995e+02 2.046945994004690021e+02 2.056451523310834943e+02 2.063337634845392188e+02 2.072791094401485168e+02 2.077637363319452959e+02 2.090905140927877426e+02 2.090930718555493399e+02 2.095635652875550647e+02 2.102080865043948847e+02 2.103320665887290488e+02 2.108569431037124673e+02 2.112677172065949947e+02 2.108478382360173100e+02 2.120498862526377764e+02 2.113714186522850298e+02
1.944337552051454736e+02 1.982099331816155825e+02 2.001150778731234539e+02 2.018575467455022761e+02 2.039653438480937382e+02 2.052954995944495522e+02 2.063573614003719854e+02 2.074384148004704969e+02 2.086571833937817644e+02 2.093843312803835772e+02 2.105585854308806404e+02 2.108058260464975149e+02 2.117603389651487475e+02 2.123494258063938105e+02 2.125046887612645321e+02 2.135207040856326444e+02 2.142974964294615461e+02 2.137001832752308701e+02 2.148200332680014242e+02 2.140702798616932228e+02 2.155112556238194372e+02 2.142061807425112931e+02
2.019566393382318381e+02 2.058104046041013078e+02 2.077273672271070950e+02 2.094616149297482366e+02 2.114502050711433299e+02 2.129180654106052941e+02 2.140513486286238276e+02 2.151246946820932635e+02 2.161903439890402296e+02 2.171384358123422089e+02 2.179643178952050562e+02 2.187104807492774228e+02 2.191907349386862052e+02 2.196380066019562776e+02 2.202428647768564076e+02 2.209690838679712783e+02 2.214442620470490226e+02 2.211870997907148819e+02 2.216364106267558611e+02 2.216897627391973344e+02 2.231250864471288935e+02 2.236985488508807691e+02
2.070153991168179743e+02 2.101669394675938918e+02 2.128861512375016787e+02 2.147957838945466733e+02 2.165504132471569392e+02 2.179264705245481366e+02 2.192258898810156325e+02 2.204749634376279914e+02 2.213618023027804043e+02 2.223205131369935543e+02 2.229963588721437304e+02 2.235712473566810843e+02 2.243875418591175617e+02 2.249581310684528432e+02 2.254698159863259264e+02 2.258726690677586930e+02 2.264002572039141512e+02 2.275698104458066666e+02 2.268753510420928308e+02 2.269187692411012733e+02 2.274641513249289062e+02 2.284733357247778542e+02
2.113116454022342339e+02 2.141450721573271210e+02 2.164888505092141600e+02 2.186798298639486688e+02 2.201990140499048039e+02 2.215931122275536893e+02 2.229114859475830599e+02 2.241827109893219472e+02 2.251364610415060383e+02 2.259793904019135198e+02 2.265721109763827030e+02 2.274998246621621831e+02 2.282256862974841738e+02 2.286574290845830717e+02 2.291962895357557102e+02 2.299517394526045564e+02 2.299668746751112565e+02 2.303519913045334135e+02 2.301560544990794881e+02 2.308064690637200158e+02 2.317327653453935170e+02 2.314635578510331300e+02
2.141729169587151489e+02 2.174959600448521257e+02 2.195927988168406841e+02 2.215496270779353267e+02 2.232620087527269561e+02 2.246626534173891798e+02 2.258692801265397065e+02 2.270863063455635142e+02 2.279762662103385651e+02 2.289172406320620894e+02 2.296073972923111910e+02 2.303824103624074553e+02 2.311783041843837623e+02 2.317691418302951831e+02 2.323078500375837905e+02 2.327059835586115923e+02 2.335406476088578245e+02 2.332009311064078076e+02 2.339449480409620321e+02 2.339707059494228645e+02 2.340112473138032954e+02 2.348388047600031143e+02
2.158701317777356792e+02 2.188573248557313491e+02 2.211913595990182557e+02 2.231164196363147028e+02 2.248573216653788336e+02 2.263096277546841293e+02 2.275162544638346560e+02 2.286969451425397608e+02 2.297431072323161629e+02 2.305317362741000977e+02 2.314474168745395843e+02 2.320581080458202621e+02 2.327380935240983604e+02 2.334492038383831414e+02 2.337718272262904122e+02 2.344321247155953358e+02 2.347593091524518627e+02 2.352072010099826684e+02 2.352378031040336452e+02 2.357127819662670447e+02 2.357432752343023594e+02 2.361166384265183922e+02
2.177405663053170031e+02 2.206214593202648757e+02 2.230749885965514068e+02 2.249472030900920743e+02 2.265637387818666753e+02 2.280644922582771414e+02 2.293159801652638805e+02 2.304530275972052493e+02 2.314744923457897698e+02 2.323056143472134352e+02 2.331382712828791171e+02 2.338335423897484304e+02 2.344309101869435494e+02 2.352078575230905244e+02 2.355672900989659695e+02 2.361347526509688066e+02 2.363968443693963195e+02 2.370298647899435309e+02 2.373679995297947869e+02 2.373249432025349108e+02 2.376549171065024666e+02 2.383663293852791583e+02
2.190644791210987989e+02 2.224277709793452686e+02 2.247369956081928422e+02 2.266723180110073770e+02 2.283188513866040807e+02 2.298687739989034071e+02 2.310705514584135187e+02 2.322326796605881043e+02 2.332250489113301342e+02 2.341411568320332606e+02 2.348566649182463095e+02 2.356338545120644028e+02 2.362061866483252857e+02 2.369688343366954086e+02 2.374695492369781107e+02 2.378826928771682958e+02 2.381575054179083395e+02 2.389964948976009964e+02 2.392922268964104831e+02 2.389658390622534228e+02 2.394224347684595386e+02 2.397921892167571229e+02
2.207390265168017720e+02 2.238271817243058877e+02 2.260194229045374641e+02 2.280060496166936161e+02 2.296781148554972560e+02 2.311144221801690151e+02 2.324237702812471014e+02 2.334908080812304831e+02 2.345018525817387172e+02 2.354394325287430831e+02 2.362320173704324304e+02 2.369686687409254944e+02 2.375867717791898599e+02 2.381828458629625516e+02 2.387100248852972015e+02 2.392664055860935548e+02 2.395377898201132325e+02 2.401586608029390959e+02 2.404679255914342377e+02 2.405171478532190292e+02 2.407913215544625132e+02 2.412449191530792234e+02
2.210497995137163514e+02 2.242784150538689119e+02 2.264179485243470253e+02 2.284247842024337558e+02 2.300633081713942829e+02 2.315284253016635034e+02 2.328429459356881068e+02 2.339112868931967739e+02 2.348966892633228554e+02 2.358172479681892639e+02 2.366547015259030502e+02 2.374274002384032372e+02 2.379360981902755725e+02 2.385828751260705189e+02 2.390999296168625676e+02 2.396213255502493382e+02 2.400295212758466619e+02 2.404765710933767764e+02 2.409623034593728619e+02 2.409570136394461031e+02 2.412363398250587920e+02 2.416714125382391387e+02
2.217780306707983868e+02 2.248933717490573940e+02 2.271591043309454108e+02 2.291366289889811014e+02 2.307925818544972856e+02 2.322587415107874733e+02 2.335438976618881668e+02 2.346131341225174083e+02 2.356113274849776644e+02 2.365642178622122742e+02 2.373519776795932898e+02 2.380920239424880549e+02 2.386877995485475878e+02 2.392862193158315165e+02 2.398178825366353237e+02 2.403727729598752205e+02 2.407201012047099198e+02 2.411764268306829990e+02 2.415961726458391468e+02 2.417193942065739236e+02 2.421251600865244313e+02 2.422406317456872387e+02
