5.837638186797978032e-12
1.315868872843668335e-10
1.268258470253630048e-09
9.162960582590099434e-09
4.799621721052024667e-08
2.079467122927108333e-07
7.517756991712188045e-07
2.190038642667066807e-06
5.942396785223076865e-06
1.540978856221257568e-05
3.387789530487400798e-05
7.100916893952961275e-05
1.288417123327769743e-04
2.343942160960578154e-04
3.988827854162323573e-04
6.947541389586306361e-04
9.832724769652776992e-04
1.551863734405066605e-03
2.361276666295133476e-03
2.670922701504434456e-03
4.007589241003518127e-03
4.498129001686510323e-03
5.827558121314494084e-03
7.124154182536055445e-03
8.776957952884420835e-03
1.044215155659371751e-02
1.225540366896615482e-02
1.412626850646693001e-02
1.599341639395942052e-02
1.799685244842217161e-02
1.998046476950742639e-02
2.157379733972331765e-02
2.345209607724065004e-02
2.525915327293262042e-02
2.680230701803673621e-02
2.805615815416308279e-02
2.906840753975124814e-02
3.021818407564576606e-02
3.086431388541837836e-02
3.175576239573745657e-02
3.200541753796024708e-02
3.244525662227333573e-02
3.232569473034033886e-02
3.252702952245548756e-02
3.202833872967796730e-02
3.188461666269115646e-02
3.131778178642850158e-02
3.085254354372549482e-02
3.010791455873346525e-02
2.920345672338540977e-02
2.843838451334784398e-02
2.749365971957675597e-02
2.660778663427009957e-02
2.545986857337972573e-02
2.447735478785779267e-02
2.358033085252629960e-02
2.261330435870553476e-02
2.164441938988062933e-02
2.060491237089841221e-02
1.983550371918451835e-02
1.870555091666738917e-02
nan
nan
nan
nan
1.351356011765427606e-02
nan
nan
nan
nan
1.036272887760778492e-02
nan
nan
nan
nan
7.296902746405910245e-03
nan
nan
nan
nan
5.052364667688407328e-03
nan
nan
nan
nan
3.708237151704867497e-03
nan
nan
nan
nan
2.587330021724204565e-03
nan
nan
nan
nan
1.845459516911680158e-03
nan
nan
nan
nan
1.211386718693212858e-03
nan
nan
nan
nan
9.274438330436014571e-04
nan
nan
nan
nan
6.360815784153831193e-04
nan
nan
nan
nan
4.051257505404667935e-04
nan
nan
nan
nan
3.191073844103228612e-04
nan
nan
nan
nan
2.143015764418235484e-04
nan
nan
nan
nan
1.614890508657599124e-04
nan
nan
nan
nan
1.100710915576645909e-04
nan
nan
nan
nan
7.806662239427303632e-05
nan
nan
nan
nan
5.171492581095510035e-05
nan
nan
nan
nan
3.314341056848401365e-05
nan
nan
nan
nan
2.838922729490728339e-05
nan
nan
nan
nan
1.974534592634163339e-05
nan
nan
nan
nan
1.186719858469962509e-05
nan
nan
nan
nan
8.763017312383279773e-06
nan
nan
nan
nan
5.251242007733662066e-06
nan
nan
nan
nan
5.984347636072281592e-06
nan
nan
nan
nan
4.091092327891644801e-06
nan
nan
nan
nan
2.642191463490141475e-06
nan
nan
nan
nan
4.706883253125871862e-07
6.372743245422943085e-06
