2.480000000000008242e+01 2.540000000000009095e+01 2.580000000000009663e+01 2.510000000000008669e+01 2.570000000000009521e+01 2.400000000000007105e+01 2.460000000000007958e+01 2.460000000000007958e+01
4.106666666666717447e+01 4.220000000000057838e+01 4.273333333333394535e+01 4.203333333333389277e+01 4.203333333333390698e+01 4.133333333333384019e+01 4.106666666666717447e+01 4.086666666666716452e+01
5.800000000000044764e+01 5.922222222222274013e+01 5.953333333333388566e+01 5.870000000000050022e+01 5.887777777777829158e+01 5.742222222222267192e+01 5.751111111111156049e+01 5.740000000000043912e+01
6.908148148148156054e+01 7.027407407407393691e+01 7.043703703703687324e+01 6.989999999999993463e+01 7.013703703703693293e+01 6.823703703703729673e+01 6.885925925925940305e+01 6.862962962962981806e+01
8.126913580247014579e+01 8.234320987654399460e+01 8.284197530864275905e+01 8.236419753086508422e+01 8.262098765432183711e+01 8.074074074074195551e+01 8.112592592592700669e+01 8.101481481481594926e+01
9.135637860082482575e+01 9.253580246913736573e+01 9.271851851852005666e+01 9.210905349794401786e+01 9.233950617284109796e+01 9.082798353909663547e+01 9.087078189300594033e+01 9.057530864197717335e+01
9.820411522634344692e+01 9.891824417010151649e+01 9.919753086420305976e+01 9.870219478738566465e+01 9.895020576132253609e+01 9.727187928670005590e+01 9.746392318244758712e+01 9.730013717421725516e+01
1.026346593507138749e+02 1.033663465935117216e+02 1.037392775491587429e+02 1.030508001829037994e+02 1.033046639231872632e+02 1.016438957476045601e+02 1.019003200731646075e+02 1.014848651120308034e+02
1.072778539856827962e+02 1.082280445054203568e+02 1.085580551745256486e+02 1.080178478890512253e+02 1.082014784331754953e+02 1.066421582076005166e+02 1.067776253619975080e+02 1.064402072854850303e+02
1.112005080526338503e+02 1.121819133262198278e+02 1.124000711273682924e+02 1.120003302342117451e+02 1.121813595488486470e+02 1.103671188335115971e+02 1.106924757404864579e+02 1.103342478280750356e+02
1.127178919202735159e+02 1.136368676861623186e+02 1.139261257599658990e+02 1.134691578180869413e+02 1.136866043455471953e+02 1.119295906789325556e+02 1.122584158918905928e+02 1.118724415316137595e+02
1.140265993779146783e+02 1.149640727757136034e+02 1.151689354039272501e+02 1.147743969697449558e+02 1.150034045171490362e+02 1.132440786465456313e+02 1.134989133318631787e+02 1.132216125590583147e+02
1.159865776257247347e+02 1.168731825357708232e+02 1.171689918542092386e+02 1.166804237911504885e+02 1.169024947265882730e+02 1.151493347332882422e+02 1.154897209661901059e+02 1.150659806074301059e+02
1.166632826597762858e+02 1.176048666424446338e+02 1.178600839353021286e+02 1.173715158722433785e+02 1.176367479488051799e+02 1.158301503522087472e+02 1.162152391955604855e+02 1.157868744288229124e+02
1.174011326437637308e+02 1.183824522801658503e+02 1.186335589881543342e+02 1.181449909250955841e+02 1.183965210520940161e+02 1.165995148201919420e+02 1.169825483711091749e+02 1.165939192581053732e+02
1.181549682355438335e+02 1.191301219946426926e+02 1.193743777278497760e+02 1.188734779101845049e+02 1.191339143043987576e+02 1.173745884337943863e+02 1.176939079192445945e+02 1.173367932902352351e+02
1.183716112825201208e+02 1.193402185546056415e+02 1.195821906295522581e+02 1.190727651543812442e+02 1.193523842779834183e+02 1.175801176772364016e+02 1.178983714554983919e+02 1.175491735084586509e+02
1.185529844963709962e+02 1.195304219137307342e+02 1.197729014682908115e+02 1.192639834727332584e+02 1.195350769388292917e+02 1.177787451979449429e+02 1.180933451229900157e+02 1.177418127697283552e+02
