0.000000000000000000e+00 0.000000000000000000e+00 0.000000000000000000e+00 0.000000000000000000e+00 0.000000000000000000e+00 0.000000000000000000e+00 0.000000000000000000e+00 0.000000000000000000e+00 1.414999999999962483e+02 1.420999999999962142e+02 0.000000000000000000e+00 0.000000000000000000e+00 1.163999999999976609e+02
0.000000000000000000e+00 0.000000000000000000e+00 0.000000000000000000e+00 0.000000000000000000e+00 0.000000000000000000e+00 0.000000000000000000e+00 0.000000000000000000e+00 0.000000000000000000e+00 1.879666666666602737e+02 1.886999999999935653e+02 0.000000000000000000e+00 0.000000000000000000e+00 1.566666666666620529e+02
0.000000000000000000e+00 0.000000000000000000e+00 0.000000000000000000e+00 0.000000000000000000e+00 0.000000000000000000e+00 0.000000000000000000e+00 0.000000000000000000e+00 0.000000000000000000e+00 2.601888888888910856e+02 2.600333333333354631e+02 0.000000000000000000e+00 0.000000000000000000e+00 2.353333333333410167e+02
0.000000000000000000e+00 0.000000000000000000e+00 0.000000000000000000e+00 0.000000000000000000e+00 0.000000000000000000e+00 0.000000000000000000e+00 0.000000000000000000e+00 0.000000000000000000e+00 3.049000000000377781e+02 3.070555555555951059e+02 0.000000000000000000e+00 0.000000000000000000e+00 2.917481481481809169e+02
0.000000000000000000e+00 0.000000000000000000e+00 0.000000000000000000e+00 0.000000000000000000e+00 0.000000000000000000e+00 0.000000000000000000e+00 0.000000000000000000e+00 0.000000000000000000e+00 3.240407407407937512e+02 3.234111111111636774e+02 0.000000000000000000e+00 0.000000000000000000e+00 3.155111111111627906e+02
0.000000000000000000e+00 0.000000000000000000e+00 0.000000000000000000e+00 0.000000000000000000e+00 0.000000000000000000e+00 0.000000000000000000e+00 0.000000000000000000e+00 0.000000000000000000e+00 3.317049382716419927e+02 3.311938271605301907e+02 0.000000000000000000e+00 0.000000000000000000e+00 3.264016460905639860e+02
0.000000000000000000e+00 0.000000000000000000e+00 0.000000000000000000e+00 0.000000000000000000e+00 0.000000000000000000e+00 0.000000000000000000e+00 0.000000000000000000e+00 0.000000000000000000e+00 3.362788751715150397e+02 3.374533607682259344e+02 0.000000000000000000e+00 0.000000000000000000e+00 3.331264746228149534e+02
0.000000000000000000e+00 0.000000000000000000e+00 0.000000000000000000e+00 0.000000000000000000e+00 0.000000000000000000e+00 0.000000000000000000e+00 0.000000000000000000e+00 0.000000000000000000e+00 3.382863740284010987e+02 3.392208962049011234e+02 0.000000000000000000e+00 0.000000000000000000e+00 3.352042066758602914e+02
0.000000000000000000e+00 0.000000000000000000e+00 0.000000000000000000e+00 0.000000000000000000e+00 0.000000000000000000e+00 0.000000000000000000e+00 0.000000000000000000e+00 0.000000000000000000e+00 3.412010516689970245e+02 3.415737082762255454e+02 0.000000000000000000e+00 0.000000000000000000e+00 3.377404054260441626e+02
0.000000000000000000e+00 0.000000000000000000e+00 0.000000000000000000e+00 0.000000000000000000e+00 0.000000000000000000e+00 0.000000000000000000e+00 0.000000000000000000e+00 0.000000000000000000e+00 3.438439008281629867e+02 3.440266676828136383e+02 0.000000000000000000e+00 0.000000000000000000e+00 3.404482853223943266e+02
0.000000000000000000e+00 0.000000000000000000e+00 0.000000000000000000e+00 0.000000000000000000e+00 0.000000000000000000e+00 0.000000000000000000e+00 0.000000000000000000e+00 0.000000000000000000e+00 3.463601568189162094e+02 3.465290504496343829e+02 0.000000000000000000e+00 0.000000000000000000e+00 3.423662585310594295e+02
0.000000000000000000e+00 0.000000000000000000e+00 0.000000000000000000e+00 0.000000000000000000e+00 0.000000000000000000e+00 0.000000000000000000e+00 0.000000000000000000e+00 0.000000000000000000e+00 3.489417325724361376e+02 3.488204446025571315e+02 0.000000000000000000e+00 0.000000000000000000e+00 3.455860025854942705e+02
0.000000000000000000e+00 0.000000000000000000e+00 0.000000000000000000e+00 0.000000000000000000e+00 0.000000000000000000e+00 0.000000000000000000e+00 0.000000000000000000e+00 0.000000000000000000e+00 3.498874240038411472e+02 3.500944690003668143e+02 0.000000000000000000e+00 0.000000000000000000e+00 3.464492254079666509e+02
0.000000000000000000e+00 0.000000000000000000e+00 0.000000000000000000e+00 0.000000000000000000e+00 0.000000000000000000e+00 0.000000000000000000e+00 0.000000000000000000e+00 0.000000000000000000e+00 3.500215318351944802e+02 3.502650582724331230e+02 0.000000000000000000e+00 0.000000000000000000e+00 3.466583514131804691e+02
0.000000000000000000e+00 0.000000000000000000e+00 0.000000000000000000e+00 0.000000000000000000e+00 0.000000000000000000e+00 0.000000000000000000e+00 0.000000000000000000e+00 0.000000000000000000e+00 3.509693641962012407e+02 3.513159978038999611e+02 0.000000000000000000e+00 0.000000000000000000e+00 3.473999694332670742e+02
0.000000000000000000e+00 0.000000000000000000e+00 0.000000000000000000e+00 0.000000000000000000e+00 0.000000000000000000e+00 0.000000000000000000e+00 0.000000000000000000e+00 0.000000000000000000e+00 3.510470085770571131e+02 3.513920436239735068e+02 0.000000000000000000e+00 0.000000000000000000e+00 3.474746450583843398e+02
0.000000000000000000e+00 0.000000000000000000e+00 0.000000000000000000e+00 0.000000000000000000e+00 0.000000000000000000e+00 0.000000000000000000e+00 0.000000000000000000e+00 0.000000000000000000e+00 3.511238917384928300e+02 3.515109460974018134e+02 0.000000000000000000e+00 0.000000000000000000e+00 3.475833471915825612e+02
0.000000000000000000e+00 0.000000000000000000e+00 0.000000000000000000e+00 0.000000000000000000e+00 0.000000000000000000e+00 0.000000000000000000e+00 0.000000000000000000e+00 0.000000000000000000e+00 3.513201848530069356e+02 3.516499955115095304e+02 0.000000000000000000e+00 0.000000000000000000e+00 3.477554842764925525e+02
