7.700000000000000247e-03
3.137999999999999817e-02
6.747999999999999832e-02
9.701999999999999513e-02
1.128600000000000020e-01
1.201399999999999968e-01
1.148399999999999976e-01
9.210000000000000131e-02
8.319999999999999618e-02
6.526999999999999469e-02
5.254999999999999949e-02
4.213000000000000078e-02
2.554999999999999979e-02
2.376999999999999946e-02
1.873999999999999971e-02
1.196999999999999974e-02
8.089999999999999969e-03
7.450000000000000025e-03
4.819999999999999632e-03
3.739999999999999835e-03
2.809999999999999998e-03
1.830000000000000029e-03
1.600000000000000077e-03
6.300000000000000261e-04
5.000000000000000104e-04
5.299999999999999807e-04
5.199999999999999544e-04
2.500000000000000052e-04
2.900000000000000017e-04
2.000000000000000164e-05
1.200000000000000030e-04
3.000000000000000076e-05
3.000000000000000076e-05
2.000000000000000164e-05
1.000000000000000082e-05
1.000000000000000082e-05
