7.724795276037864887e-03
3.157752806842229615e-02
7.028164422842780867e-02
9.905283570182039921e-02
1.140432838146460404e-01
1.170122431490831783e-01
1.130927814450690960e-01
9.211927551807504166e-02
8.318990705471523972e-02
6.528987199136408737e-02
5.240803073465789136e-02
4.201618144340857341e-02
2.548097402988580562e-02
2.370578288416382018e-02
1.868937194990450204e-02
1.193766180578211683e-02
8.068144027466859700e-03
6.854694995431410628e-03
4.765630734638415071e-03
3.723162192753810655e-03
2.720383586421106382e-03
1.623336559007950352e-03
1.682753488100325722e-03
5.842608796007280492e-04
5.656089001241706169e-04
5.962004443097151767e-04
4.734471830467618797e-04
2.053255175356194929e-04
2.160802730300523476e-04
2.919587635484668296e-05
7.345175759726702350e-05
6.254129362797688249e-05
6.846327906725113103e-05
2.475297783374001071e-05
1.267523578492052872e-05
2.772170280333613503e-05
