4.400000000000035527e+01 4.400000000000035527e+01 4.600000000000038369e+01 4.600000000000038369e+01 4.600000000000038369e+01 4.600000000000038369e+01 4.610000000000038511e+01 4.620000000000038654e+01 4.510000000000037090e+01 4.520000000000037232e+01 4.540000000000037517e+01
6.786666666666779690e+01 6.833333333333443704e+01 7.006666666666760079e+01 7.040000000000091518e+01 7.000000000000093792e+01 7.040000000000091518e+01 7.010000000000093223e+01 7.040000000000090097e+01 6.950000000000099476e+01 6.980000000000097771e+01 6.980000000000096350e+01
8.386666666667029801e+01 8.517777777778151460e+01 8.588888888889229634e+01 8.613333333333670794e+01 8.635555555555905016e+01 8.631111111111451351e+01 8.663333333333685005e+01 8.626666666667004790e+01 8.603333333333691257e+01 8.602222222222573578e+01 8.575555555555901321e+01
1.058518518518518903e+02 1.067185185185187350e+02 1.076074074074072655e+02 1.077629629629628027e+02 1.079851851851851450e+02 1.081185185185183570e+02 1.078185185185185730e+02 1.077481481481480188e+02 1.074851851851852587e+02 1.073259259259259579e+02 1.070592592592592354e+02
1.110864197530868580e+02 1.118740740740746844e+02 1.129802469135805154e+02 1.132543209876545802e+02 1.133185185185188857e+02 1.134320987654323432e+02 1.134679012345683873e+02 1.129629629629632319e+02 1.129567901234572815e+02 1.127382716049387170e+02 1.126691358024695404e+02
1.168806584362148726e+02 1.180765432098776273e+02 1.189588477366262396e+02 1.191802469135809588e+02 1.192049382716057551e+02 1.194370370370377401e+02 1.193806584362149295e+02 1.190205761316879745e+02 1.189617283950626785e+02 1.188617283950626415e+02 1.186213991769555918e+02
1.234211248285371454e+02 1.245731138546004217e+02 1.252710562414312250e+02 1.255275720164655269e+02 1.257893004115275062e+02 1.257316872428029342e+02 1.257806584362188715e+02 1.254995884773709776e+02 1.252914951989074552e+02 1.250071330589896093e+02 1.249248285322406815e+02
1.314452674897236477e+02 1.322636488340331482e+02 1.331254686785706269e+02 1.335107453132308990e+02 1.337373571102138783e+02 1.337382716049552300e+02 1.336877457704789833e+02 1.334710562414430797e+02 1.333507544581781588e+02 1.332770919067374393e+02 1.330016460905503095e+02
1.355226947111731022e+02 1.366064014631941461e+02 1.374565157750384685e+02 1.379198292943197828e+02 1.379357415028259481e+02 1.379366559975672999e+02 1.380109891784847207e+02 1.377747904282935565e+02 1.376739978661838961e+02 1.373935375704974149e+02 1.372000304831623794e+02
1.371016410100055225e+02 1.382972006299833936e+02 1.390796829751561461e+02 1.395143829700764115e+02 1.396213382106404595e+02 1.396300563938439154e+02 1.396003403952666133e+02 1.394525834476459636e+02 1.393830056393847201e+02 1.390661281308750858e+02 1.388934308794389949e+02
1.402664702196539679e+02 1.417134820234121264e+02 1.423849785771232348e+02 1.428162102660603239e+02 1.429439753425234301e+02 1.430376670223147073e+02 1.429784704228804060e+02 1.427405375196971704e+02 1.426744280174191033e+02 1.423298040610440580e+02 1.421709800335406726e+02
1.420017793132223289e+02 1.433759566913343804e+02 1.441202876706915958e+02 1.444682800160331340e+02 1.446469135802490769e+02 1.446932050782706654e+02 1.446548183147352518e+02 1.444307586354846080e+02 1.442941269115491991e+02 1.440616448486292711e+02 1.438068643555921255e+02
1.434353457862568177e+02 1.447655912885823284e+02 1.454898831667035779e+02 1.458848903264833439e+02 1.460427140548003990e+02 1.460705079209118651e+02 1.460190186681067814e+02 1.458088322127887295e+02 1.457646886484039328e+02 1.454797966284053246e+02 1.452080599727839001e+02
1.442029975105127448e+02 1.455861667930245744e+02 1.463017236782995383e+02 1.466659014515630020e+02 1.468072828404046959e+02 1.468813207862906154e+02 1.468164721326618007e+02 1.466299215403395806e+02 1.465230915567049692e+02 1.462649183383538229e+02 1.460245248923573058e+02
1.447784793921503876e+02 1.461575380897933769e+02 1.469070073002362733e+02 1.472766658533248574e+02 1.474166770472102712e+02 1.474626259964924486e+02 1.474066836100794546e+02 1.471920440211534924e+02 1.471242645937728639e+02 1.468633509855091575e+02 1.466274106731205507e+02
1.456937696229454957e+02 1.470662057116331312e+02 1.478796173533690990e+02 1.482399129075897690e+02 1.483717029317375022e+02 1.484121711011945592e+02 1.483690172010401795e+02 1.481646540742863181e+02 1.480756366250833480e+02 1.478357326728159364e+02 1.476091553592952437e+02
1.463857180758669472e+02 1.478073289390966352e+02 1.485956203399674678e+02 1.489464767733782082e+02 1.490864879672636221e+02 1.491018358958555439e+02 1.490771035056689300e+02 1.488735015983352241e+02 1.487666716147006127e+02 1.485336186372146017e+02 1.483076502992300334e+02
1.465954086521195734e+02 1.480034190617104173e+02 1.488034839896118910e+02 1.491466267328991080e+02 1.492875513900886233e+02 1.493132519027936951e+02 1.492791818877207106e+02 1.490740575415468356e+02 1.489720993622007654e+02 1.487298102557510617e+02 1.485100331690498479e+02
