2.407000000000000112e-02
7.649000000000000243e-02
1.411499999999999977e-01
1.477300000000000002e-01
1.481000000000000094e-01
1.372099999999999986e-01
9.120000000000000329e-02
7.388999999999999735e-02
5.686999999999999694e-02
3.126000000000000306e-02
2.980999999999999969e-02
9.379999999999999449e-03
1.392000000000000008e-02
8.349999999999999784e-03
5.179999999999999709e-03
8.000000000000000654e-05
2.439999999999999895e-03
1.510000000000000057e-03
6.599999999999999964e-04
4.400000000000000157e-04
1.399999999999999877e-04
9.000000000000000567e-05
2.000000000000000164e-05
1.000000000000000082e-05
