3.850000000000027711e+01 4.020000000000030127e+01 4.030000000000030269e+01 4.100000000000031264e+01 4.080000000000030980e+01 4.030000000000030269e+01 4.000000000000029843e+01 4.010000000000029985e+01 3.980000000000029559e+01 3.900000000000028422e+01
5.243333333333430346e+01 5.353333333333429778e+01 5.416666666666765906e+01 5.373333333333427930e+01 5.400000000000096634e+01 5.383333333333430915e+01 5.320000000000095497e+01 5.336666666666762637e+01 5.306666666666762211e+01 5.200000000000093081e+01
6.096666666666760648e+01 6.237777777777871080e+01 6.292222222222318351e+01 6.288888888888980233e+01 6.288888888888982365e+01 6.276666666666761074e+01 6.195555555555647942e+01 6.212222222222315082e+01 6.204444444444536799e+01 6.128888888888978670e+01
7.264074074074049747e+01 7.428888888888826614e+01 7.471481481481410469e+01 7.491851851851772892e+01 7.477037037036963341e+01 7.464814814814744182e+01 7.389629629629575902e+01 7.412222222222163737e+01 7.342222222222174821e+01 7.331851851851810409e+01
8.226049382716098535e+01 8.373086419753096266e+01 8.453209876543213852e+01 8.467654320987649896e+01 8.476543209876545859e+01 8.454444444444449402e+01 8.416790123456814854e+01 8.397901234567918038e+01 8.371358024691389232e+01 8.313580246913613792e+01
8.777818930041243561e+01 8.911687242798404895e+01 8.993127572016506122e+01 8.999670781893040328e+01 8.983539094650247137e+01 8.966707818930085239e+01 8.940905349794303447e+01 8.907530864197586595e+01 8.912592592592665142e+01 8.824526748971265988e+01
9.419574759945616904e+01 9.538518518518955602e+01 9.593621399177369824e+01 9.595775034293956196e+01 9.591056241427027373e+01 9.583882030178750711e+01 9.540521262003177583e+01 9.529094650206199901e+01 9.506063100137612309e+01 9.465404663923649764e+01
9.833365340649697828e+01 9.939433013260533301e+01 1.000390032007349532e+02 1.000195701874746703e+02 1.001187014174701915e+02 9.998257887517490872e+01 9.961920438957828594e+01 9.934691358025051500e+01 9.917512574303056283e+01 9.857540009145338900e+01
1.009673982624667445e+02 1.021061118731964257e+02 1.026883554336289848e+02 1.027703703703764262e+02 1.027992684042127536e+02 1.027567901234630625e+02 1.022997713763208480e+02 1.022069654016221278e+02 1.018869074836216555e+02 1.014354519128250018e+02
1.047886043794104438e+02 1.061406188081043069e+02 1.066578316313526642e+02 1.067060305847643207e+02 1.067739470609111692e+02 1.066482294365656998e+02 1.062848549509687359e+02 1.060827973378005566e+02 1.056508865518432572e+02 1.052020322105339716e+02
1.063753543667136370e+02 1.076978881945505009e+02 1.082133668648072700e+02 1.082615658182189264e+02 1.082982675405171875e+02 1.082297769648941284e+02 1.077935680536504606e+02 1.076816863960448671e+02 1.072393706921380385e+02 1.067523649850138128e+02
1.084054694688495744e+02 1.096840714208998975e+02 1.103301896165219063e+02 1.103772324679391801e+02 1.103873438443666402e+02 1.103211654727323463e+02 1.098814882555055306e+02 1.097256747221133963e+02 1.094220912575324860e+02 1.088183192489756124e+02
1.094143611426141689e+02 1.107214802771925974e+02 1.113259788010168307e+02 1.113868948763666964e+02 1.113985477221200000e+02 1.113416181664407674e+02 1.109119604998319346e+02 1.107052784786869637e+02 1.103793437088813221e+02 1.097871327202682750e+02
1.097858552501458860e+02 1.110857808612036450e+02 1.116820582152899703e+02 1.117440019368570745e+02 1.117479474359810894e+02 1.116976975807139070e+02 1.112654707985619780e+02 1.110500537845704798e+02 1.107554622243906124e+02 1.101550300660396573e+02
1.125502235745556732e+02 1.136884661807656727e+02 1.142775500113312290e+02 1.143603892059824716e+02 1.143883131168423830e+02 1.142853107557562282e+02 1.138907643349035652e+02 1.136633581150441188e+02 1.134109000497716124e+02 1.128303357182875430e+02
1.130555971475969841e+02 1.142036594843269910e+02 1.147801831944599797e+02 1.148666762423279692e+02 1.148669678882362319e+02 1.147778958425389249e+02 1.144011619561179032e+02 1.141799216135617172e+02 1.138970908934250019e+02 1.133405049736758343e+02
1.133666314026725672e+02 1.145000783265355864e+02 1.150767542805526062e+02 1.151713162542742452e+02 1.151781543871958462e+02 1.150973035112362197e+02 1.146992554810508409e+02 1.144862363082323355e+02 1.142000562226469356e+02 1.136387507424928032e+02
1.134874115506762280e+02 1.146261362625192390e+02 1.152000718266235708e+02 1.152933143533502118e+02 1.153012689414214265e+02 1.152166627163221904e+02 1.148189191739048880e+02 1.146062044888544591e+02 1.143184004685059847e+02 1.137640982070176108e+02
