2.346426645161709887e-02
7.844597848426768105e-02
1.391981468381751075e-01
1.484160558270553043e-01
1.465065318478721013e-01
1.364632358644210786e-01
8.851756324376983120e-02
7.171598666918320431e-02
5.785813642791621386e-02
3.228548295908497540e-02
3.078791577128363322e-02
9.687710497640188156e-03
1.593700605663409681e-02
8.793140182038906155e-03
5.977336478662810537e-03
1.712724412575719406e-05
2.938393505288018539e-03
1.567034468356660881e-03
6.323349462740313759e-04
4.891890651653400379e-04
1.214351731324972493e-04
1.363317310281085505e-04
2.828473391224097980e-05
nan
1.537553309518250414e-05
