7.519999999999998040e-03
3.132999999999998980e-02
6.932999999999998886e-02
9.804999999999997051e-02
1.131299999999999667e-01
1.194599999999999690e-01
1.131999999999999673e-01
9.217999999999998417e-02
8.176999999999998159e-02
6.565999999999998227e-02
5.245999999999998581e-02
4.184999999999999137e-02
2.580999999999999267e-02
2.430999999999999134e-02
1.868999999999999481e-02
1.222999999999999608e-02
7.789999999999998315e-03
7.409999999999998185e-03
4.659999999999999212e-03
3.729999999999998941e-03
2.939999999999999038e-03
1.829999999999999596e-03
1.669999999999999610e-03
6.299999999999999177e-04
6.199999999999998915e-04
6.099999999999998652e-04
4.499999999999998793e-04
2.699999999999999492e-04
1.799999999999999842e-04
3.999999999999999650e-05
5.999999999999998797e-05
4.999999999999998884e-05
3.999999999999999650e-05
9.999999999999999124e-06
2.999999999999999398e-05
