8.035121675284945253e-03
3.318567731585445740e-02
6.907171526926135507e-02
9.706066820118772198e-02
1.131577124152205183e-01
1.204993953362373249e-01
1.109225996196243208e-01
9.206693627970238825e-02
8.379191824201231986e-02
6.422699731891311214e-02
5.279059988158726902e-02
4.211373627610411063e-02
2.597265312511940621e-02
2.446320021199739278e-02
1.880778329750025860e-02
1.230707275165479619e-02
7.839092128813595836e-03
6.834562254309565349e-03
4.656742989858697786e-03
3.477535039074823586e-03
2.647605863551888341e-03
1.652185111103956355e-03
1.555987706226354085e-03
5.636036264593986562e-04
5.178451071186889864e-04
5.735026351061983576e-04
5.282816998154206932e-04
1.768872305255183273e-04
2.059355847523210810e-04
3.554601195958909587e-05
7.496150613641832912e-05
6.959946522270125968e-05
5.525041363655836956e-05
2.393901795193995526e-05
3.714939111463238651e-05
