3.480000000000022453e+01 3.590000000000024016e+01 3.660000000000025011e+01 3.680000000000025295e+01 3.690000000000025437e+01 3.680000000000025295e+01 3.660000000000025011e+01 3.610000000000024301e+01 3.670000000000025153e+01 3.620000000000024443e+01 3.660000000000025011e+01
7.046666666666797596e+01 7.170000000000119655e+01 7.293333333333443136e+01 7.326666666666774574e+01 7.343333333333440294e+01 7.360000000000106013e+01 7.333333333333440862e+01 7.303333333333445410e+01 7.323333333333441431e+01 7.260000000000113118e+01 7.240000000000112834e+01
8.251111111111430318e+01 8.427777777778094048e+01 8.466666666666959884e+01 8.517777777778071879e+01 8.516666666666957042e+01 8.591111111111409571e+01 8.551111111111409002e+01 8.481111111111407297e+01 8.550000000000299849e+01 8.495555555555861815e+01 8.484444444444751809e+01
9.092592592592774281e+01 9.239629629629813223e+01 9.275555555555716580e+01 9.332592592592753533e+01 9.337407407407563653e+01 9.370370370370541480e+01 9.368888888889053135e+01 9.325555555555713738e+01 9.332222222222394237e+01 9.271851851852031245e+01 9.275555555555733633e+01
9.649629629629853866e+01 9.759135802469359078e+01 9.838518518518722544e+01 9.865925925926127604e+01 9.894444444444643239e+01 9.917530864197743767e+01 9.884444444444648070e+01 9.862839506173038728e+01 9.861604938271817389e+01 9.819012345679233533e+01 9.795061728395279488e+01
1.046740740740769411e+02 1.058349794238711752e+02 1.067341563786035010e+02 1.072057613168750976e+02 1.073855967078215627e+02 1.073135802469163309e+02 1.074041152263401386e+02 1.072144032921837180e+02 1.066358024691385395e+02 1.066707818930069749e+02 1.065893004115254712e+02
1.118027434842322236e+02 1.131041152263447884e+02 1.139155006858781576e+02 1.142290809327916321e+02 1.145230452674967410e+02 1.145212620027506745e+02 1.144801097393760472e+02 1.143606310013787919e+02 1.141507544581692315e+02 1.140013717421198578e+02 1.135862825788823187e+02
1.151329675354432851e+02 1.162353452217717091e+02 1.171345221765039639e+02 1.174773662551504003e+02 1.175898948331111455e+02 1.175588477366321172e+02 1.176523090992291145e+02 1.175328303612318592e+02 1.173463648834086683e+02 1.171969821673592946e+02 1.169340649291331573e+02
1.185587867703195144e+02 1.198289437585837902e+02 1.207671391556267082e+02 1.210163389727275529e+02 1.211093583295329665e+02 1.211524462734441983e+02 1.212927297668139914e+02 1.209664532845702212e+02 1.209321597317586168e+02 1.206696235330083198e+02 1.205159579332520394e+02
1.210897830615286495e+02 1.224353757049265994e+02 1.233475588070958366e+02 1.236331758370198344e+02 1.237652136361357691e+02 1.238291114159459454e+02 1.237743026977631331e+02 1.235572778539888219e+02 1.235541990550256344e+02 1.232526444139648163e+02 1.231848193872916823e+02
1.225759521753197276e+02 1.238053565682812689e+02 1.247279445884000353e+02 1.250430422191810322e+02 1.252392436789857300e+02 1.252580534810146133e+02 1.252344595166803884e+02 1.250261054378640182e+02 1.249779386611195378e+02 1.246052837474036039e+02 1.245374587207304700e+02
1.259887652627373171e+02 1.273141261212326185e+02 1.280760159641322105e+02 1.284200161447727737e+02 1.285977199726673348e+02 1.285494758590220385e+02 1.285478478325810840e+02 1.283556791816860709e+02 1.282959513849977498e+02 1.280597165066189689e+02 1.278207883847772024e+02
1.280743732606036360e+02 1.295885641115147564e+02 1.302363852243019267e+02 1.305842390782570988e+02 1.307727331914325646e+02 1.307907722587985404e+02 1.307536904378631846e+02 1.305098825645524130e+02 1.304085350960663163e+02 1.302039003388673279e+02 1.299958016035424464e+02
1.295752505608389527e+02 1.309676653350106790e+02 1.316935875603058150e+02 1.320496625839986677e+02 1.322160623035041169e+02 1.322916495590338570e+02 1.321780080949163505e+02 1.319706816623165366e+02 1.318446706846173981e+02 1.316482570971560904e+02 1.314118980908579317e+02
1.301863575113398781e+02 1.315582193611674029e+02 1.322772906116811384e+02 1.326306252454614309e+02 1.327857208565775693e+02 1.328822035851905810e+02 1.327767832908107550e+02 1.325612356884732606e+02 1.324602307687262339e+02 1.322460046468332848e+02 1.319911480086253448e+02
1.309164430572111257e+02 1.323207328543372796e+02 1.330516791278054427e+02 1.334077541514982954e+02 1.335649050550488539e+02 1.336159429842785755e+02 1.335335876383294647e+02 1.333509247149426926e+02 1.332629366472803270e+02 1.329886503131371001e+02 1.327917985947450177e+02
1.311058344489458420e+02 1.325235217078667347e+02 1.332491394453938085e+02 1.336011038842178209e+02 1.337562756172759748e+02 1.338099016925342255e+02 1.337337883458303907e+02 1.335444266915462492e+02 1.334533937462032611e+02 1.331777372171037541e+02 1.329816467181318274e+02
1.312524960572154669e+02 1.326707922916724272e+02 1.334038192315549907e+02 1.337440101433483619e+02 1.338974564457209908e+02 1.339603186499429341e+02 1.338775065723423552e+02 1.336911897957385520e+02 1.335970104767925477e+02 1.333310975562701231e+02 1.331350070572981963e+02
