2.347000000000000128e-02
7.945000000000000673e-02
1.406900000000000095e-01
1.482700000000000129e-01
1.492999999999999883e-01
1.369599999999999984e-01
9.052999999999999936e-02
7.252999999999999725e-02
5.689999999999999919e-02
3.178999999999999881e-02
2.859000000000000083e-02
8.710000000000000728e-03
1.342999999999999923e-02
8.089999999999999969e-03
5.689999999999999745e-03
5.000000000000000240e-05
2.650000000000000012e-03
1.590000000000000050e-03
5.400000000000000069e-04
4.499999999999999877e-04
1.399999999999999877e-04
1.299999999999999886e-04
2.000000000000000164e-05
3.000000000000000076e-05
