3.920000000000028706e+01 3.980000000000029559e+01 4.150000000000031974e+01 4.110000000000031406e+01 4.080000000000030980e+01 4.040000000000030411e+01 3.960000000000029274e+01 3.930000000000028848e+01 3.990000000000029701e+01 3.840000000000027569e+01
6.553333333333476673e+01 6.633333333333469284e+01 6.743333333333457347e+01 6.710000000000127329e+01 6.726666666666794470e+01 6.720000000000129603e+01 6.686666666666801007e+01 6.643333333333471558e+01 6.616666666666803565e+01 6.633333333333474968e+01
8.322222222222642074e+01 8.415555555555970102e+01 8.503333333333732469e+01 8.501111111111518426e+01 8.495555555555959870e+01 8.511111111111520700e+01 8.446666666667076129e+01 8.438888888889307793e+01 8.438888888889310635e+01 8.371111111111524394e+01
9.202222222222498260e+01 9.331111111111376033e+01 9.398148148148401049e+01 9.395925925926187006e+01 9.378518518518778535e+01 9.397037037037301843e+01 9.353333333333594624e+01 9.295185185185464150e+01 9.307037037037316907e+01 9.274814814815080410e+01
9.800740740741062496e+01 9.937530864197842106e+01 9.969012345679308851e+01 9.976666666666972105e+01 9.994814814815121906e+01 9.971851851852160564e+01 9.951851851852158859e+01 9.913456790123782980e+01 9.897654320987979304e+01 9.845679012345988212e+01
1.047102880658473509e+02 1.056699588477402187e+02 1.062613168724314505e+02 1.066670781893039930e+02 1.063744855967113807e+02 1.064345679012381680e+02 1.059843621399212594e+02 1.056530864197568462e+02 1.055082304526786459e+02 1.051728395061764445e+02
1.127256515775120960e+02 1.136150891632457984e+02 1.142327846364967172e+02 1.143927297668121810e+02 1.143371742112567517e+02 1.142216735253856257e+02 1.139207133059069434e+02 1.137474622771006523e+02 1.133304526749056862e+02 1.129248285322443195e+02
1.189588477366329755e+02 1.201058070416167425e+02 1.208581161408392859e+02 1.209127114769160869e+02 1.207986282578947339e+02 1.207592135345293087e+02 1.202475537265733010e+02 1.201386831275795259e+02 1.198914037494357387e+02 1.191580246913651990e+02
1.226343850022974493e+02 1.236525834476560277e+02 1.242019966468631225e+02 1.243151196464059183e+02 1.243024843773922896e+02 1.242747751867200634e+02 1.237943301326125862e+02 1.236152263374596174e+02 1.233562414266226313e+02 1.227984453589500760e+02
1.277145861911272959e+02 1.289304780775258621e+02 1.293940507036498104e+02 1.295201798506294324e+02 1.295751765482873736e+02 1.294382157191456884e+02 1.289603718945255935e+02 1.288384951480947223e+02 1.285639028603335134e+02 1.280347203170220212e+02
1.289545055801128512e+02 1.301062338058226544e+02 1.306357042456269539e+02 1.307340869447411649e+02 1.307509322765841659e+02 1.306590594252237736e+02 1.302089620484690897e+02 1.300177191823746909e+02 1.298090247082938333e+02 1.292330200342094599e+02
1.305406775164058502e+02 1.316692837022280003e+02 1.323028033215267385e+02 1.323376004109499036e+02 1.323706311707142618e+02 1.323446561330336806e+02 1.318587195944531345e+02 1.316281692605497255e+02 1.314298797044183118e+02 1.308122553585361629e+02
1.321761764711258422e+02 1.333833975925660127e+02 1.339868585600108020e+02 1.340933339730856915e+02 1.340562278785241688e+02 1.339655111291581591e+02 1.335119454464203272e+02 1.333615515174607822e+02 1.331432228600934025e+02 1.325726133286494814e+02
1.329618120041829457e+02 1.342183601440491998e+02 1.347909917249776868e+02 1.349149371237451476e+02 1.348953010148761962e+02 1.347901972184692454e+02 1.343607812218358504e+02 1.341677399748620871e+02 1.339648260107528586e+02 1.334070620570240635e+02
1.339206059248399470e+02 1.351576287865792096e+02 1.357299178187686266e+02 1.358192657948900148e+02 1.358153869280182846e+02 1.357414550668667061e+02 1.352976520231923701e+02 1.350696708048334642e+02 1.348784034978526165e+02 1.342908378038247292e+02
1.341868804780103801e+02 1.354239033397496428e+02 1.360085241265455807e+02 1.360962735418846421e+02 1.360878273584919782e+02 1.360106983757757462e+02 1.355785419892297909e+02 1.353491905759146050e+02 1.351647742437151578e+02 1.345546003329086489e+02
1.348390932771997086e+02 1.360295295104254478e+02 1.366385093186663653e+02 1.366918516162143931e+02 1.367036538693978684e+02 1.366228710334648895e+02 1.362158348877840695e+02 1.359752174270505805e+02 1.357868427538663241e+02 1.351998099134325457e+02
1.350123468172109540e+02 1.362091772935654035e+02 1.368078045176931710e+02 1.368628722459267237e+02 1.368770089053317918e+02 1.367896288344247466e+02 1.363874644930324678e+02 1.361540532428091126e+02 1.359512661486045886e+02 1.353770217944282308e+02
