0.000000000000000000e+00 0.000000000000000000e+00 0.000000000000000000e+00 0.000000000000000000e+00 0.000000000000000000e+00 0.000000000000000000e+00 0.000000000000000000e+00 0.000000000000000000e+00 0.000000000000000000e+00 0.000000000000000000e+00 0.000000000000000000e+00 7.240000000000016200e+01 7.310000000000012221e+01 7.290000000000013358e+01 7.320000000000011653e+01 6.280000000000062244e+01 7.020000000000028706e+01 7.240000000000016200e+01 6.830000000000039506e+01 6.990000000000030411e+01 6.710000000000046327e+01 6.900000000000035527e+01 6.500000000000058265e+01 6.370000000000063523e+01
0.000000000000000000e+00 0.000000000000000000e+00 0.000000000000000000e+00 0.000000000000000000e+00 0.000000000000000000e+00 0.000000000000000000e+00 0.000000000000000000e+00 0.000000000000000000e+00 0.000000000000000000e+00 0.000000000000000000e+00 0.000000000000000000e+00 1.963333333333264648e+02 1.972999999999930765e+02 1.962333333333264704e+02 1.967333333333264420e+02 1.744666666666610695e+02 1.960666666666598132e+02 1.963999999999931276e+02 1.920333333333267092e+02 1.941666666666599212e+02 1.906999999999934516e+02 1.905333333333267944e+02 1.880666666666602680e+02 1.909666666666601031e+02
0.000000000000000000e+00 0.000000000000000000e+00 0.000000000000000000e+00 0.000000000000000000e+00 0.000000000000000000e+00 0.000000000000000000e+00 0.000000000000000000e+00 0.000000000000000000e+00 0.000000000000000000e+00 0.000000000000000000e+00 0.000000000000000000e+00 2.229999999999972999e+02 2.233888888888860436e+02 2.236111111111085279e+02 2.225555555555527008e+02 2.059333333333326550e+02 2.229999999999973568e+02 2.216888888888859697e+02 2.218999999999980446e+02 2.213666666666641731e+02 2.186111111111089258e+02 2.172888888888865324e+02 2.173999999999981867e+02 2.158111111111084313e+02
0.000000000000000000e+00 0.000000000000000000e+00 0.000000000000000000e+00 0.000000000000000000e+00 0.000000000000000000e+00 0.000000000000000000e+00 0.000000000000000000e+00 0.000000000000000000e+00 0.000000000000000000e+00 0.000000000000000000e+00 0.000000000000000000e+00 2.439481481481420246e+02 2.441296296296233947e+02 2.440851851851792560e+02 2.430296296296234289e+02 2.307629629629582269e+02 2.433555555555495857e+02 2.413037037036975789e+02 2.414259259259207795e+02 2.416629629629571525e+02 2.383444444444390342e+02 2.387999999999941281e+02 2.385555555555502849e+02 2.328185185185130592e+02
0.000000000000000000e+00 0.000000000000000000e+00 0.000000000000000000e+00 0.000000000000000000e+00 0.000000000000000000e+00 0.000000000000000000e+00 0.000000000000000000e+00 0.000000000000000000e+00 0.000000000000000000e+00 0.000000000000000000e+00 0.000000000000000000e+00 2.611333333333235487e+02 2.622432098765343085e+02 2.619814814814726560e+02 2.609259259259152941e+02 2.498641975308471785e+02 2.615481481481384662e+02 2.596148148148021164e+02 2.587493827160370756e+02 2.589074074073947145e+02 2.580580246913428937e+02 2.563209876543043038e+02 2.543777777777623328e+02 2.555345679012145013e+02
0.000000000000000000e+00 0.000000000000000000e+00 0.000000000000000000e+00 0.000000000000000000e+00 0.000000000000000000e+00 0.000000000000000000e+00 0.000000000000000000e+00 0.000000000000000000e+00 0.000000000000000000e+00 0.000000000000000000e+00 0.000000000000000000e+00 2.719053497942064723e+02 2.726728395061422248e+02 2.716868312756911337e+02 2.717374485596376417e+02 2.609654320987385177e+02 2.716617283950309911e+02 2.700839506172494566e+02 2.680201646090218901e+02 2.687312757201314639e+02 2.671576131686902045e+02 2.680938271604526335e+02 2.644518518518189580e+02 2.637781893003752884e+02
0.000000000000000000e+00 0.000000000000000000e+00 0.000000000000000000e+00 0.000000000000000000e+00 0.000000000000000000e+00 0.000000000000000000e+00 0.000000000000000000e+00 0.000000000000000000e+00 0.000000000000000000e+00 0.000000000000000000e+00 0.000000000000000000e+00 2.914301783264860433e+02 2.916006858710679239e+02 2.910009602194928675e+02 2.908320987654416285e+02 2.813506172839692567e+02 2.898872427983639000e+02 2.891786008230534435e+02 2.885897119341707366e+02 2.879663923182540088e+02 2.870423868312860805e+02 2.872060356652964401e+02 2.860310013717574407e+02 2.834259259259335977e+02
0.000000000000000000e+00 0.000000000000000000e+00 0.000000000000000000e+00 0.000000000000000000e+00 0.000000000000000000e+00 0.000000000000000000e+00 0.000000000000000000e+00 0.000000000000000000e+00 0.000000000000000000e+00 0.000000000000000000e+00 0.000000000000000000e+00 3.004434385002601857e+02 3.010646090535307735e+02 3.002015089163584207e+02 2.998687700046021973e+02 2.930034750800629695e+02 2.995618655693045866e+02 2.986249657064764733e+02 2.977668495656498635e+02 2.978165980795928931e+02 2.957630086877298936e+02 2.963363511660027143e+02 2.946696844993487616e+02 2.933288065843919412e+02
0.000000000000000000e+00 0.000000000000000000e+00 0.000000000000000000e+00 0.000000000000000000e+00 0.000000000000000000e+00 0.000000000000000000e+00 0.000000000000000000e+00 0.000000000000000000e+00 0.000000000000000000e+00 0.000000000000000000e+00 0.000000000000000000e+00 3.045364730986338486e+02 3.050600975461281337e+02 3.044896357262846891e+02 3.038876695625858702e+02 2.979354061881128359e+02 3.034129858253530188e+02 3.028701722298611685e+02 3.023085962505945190e+02 3.017301478433381590e+02 3.001291723822772042e+02 3.006595945740084517e+02 2.986417619265598091e+02 2.974140374943034999e+02
0.000000000000000000e+00 0.000000000000000000e+00 0.000000000000000000e+00 0.000000000000000000e+00 0.000000000000000000e+00 0.000000000000000000e+00 0.000000000000000000e+00 0.000000000000000000e+00 0.000000000000000000e+00 0.000000000000000000e+00 0.000000000000000000e+00 3.086099984758522510e+02 3.087278311233171166e+02 3.083238479906652287e+02 3.078077224000495562e+02 3.016889803383849653e+02 3.066801300614873185e+02 3.060150586800891688e+02 3.052713966367067542e+02 3.048516232281798466e+02 3.035575928466283244e+02 3.040099781537385297e+02 3.025722196819729675e+02 3.017815018035944945e+02
0.000000000000000000e+00 0.000000000000000000e+00 0.000000000000000000e+00 0.000000000000000000e+00 0.000000000000000000e+00 0.000000000000000000e+00 0.000000000000000000e+00 0.000000000000000000e+00 0.000000000000000000e+00 0.000000000000000000e+00 0.000000000000000000e+00 3.110568883469430830e+02 3.110949499567961993e+02 3.106649545292709149e+02 3.102407390472079101e+02 3.042798049077752580e+02 3.095033311317466200e+02 3.089527138477914150e+02 3.082038493454343211e+02 3.077910125488736526e+02 3.063634523869720283e+02 3.063944385171332101e+02 3.046029128350894553e+02 3.036977408592680376e+02
0.000000000000000000e+00 0.000000000000000000e+00 0.000000000000000000e+00 0.000000000000000000e+00 0.000000000000000000e+00 0.000000000000000000e+00 0.000000000000000000e+00 0.000000000000000000e+00 0.000000000000000000e+00 0.000000000000000000e+00 0.000000000000000000e+00 3.120176091042986855e+02 3.122001834634531861e+02 3.119331984171398631e+02 3.113979971436133951e+02 3.054937120019068857e+02 3.106617453301465162e+02 3.100406058245322356e+02 3.092177507945328330e+02 3.089586755632288373e+02 3.077507747802653171e+02 3.077424534426165224e+02 3.057867612773663950e+02 3.046746470445453951e+02
0.000000000000000000e+00 0.000000000000000000e+00 0.000000000000000000e+00 0.000000000000000000e+00 0.000000000000000000e+00 0.000000000000000000e+00 0.000000000000000000e+00 0.000000000000000000e+00 0.000000000000000000e+00 0.000000000000000000e+00 0.000000000000000000e+00 3.145910921437944694e+02 3.149193353542411842e+02 3.144180469703996437e+02 3.139260068379967947e+02 3.087616269726951828e+02 3.133808972209345143e+02 3.127119721662190841e+02 3.117272628570061102e+02 3.115360122760392301e+02 3.104390972845364445e+02 3.102134287719437111e+02 3.084997472908510190e+02 3.074346478724682470e+02
0.000000000000000000e+00 0.000000000000000000e+00 0.000000000000000000e+00 0.000000000000000000e+00 0.000000000000000000e+00 0.000000000000000000e+00 0.000000000000000000e+00 0.000000000000000000e+00 0.000000000000000000e+00 0.000000000000000000e+00 0.000000000000000000e+00 3.161130361915667777e+02 3.166319077753165061e+02 3.161450064385167025e+02 3.156652980607210566e+02 3.109104352130003122e+02 3.149146592002053922e+02 3.143926875545591315e+02 3.132846606992741272e+02 3.132758173218721254e+02 3.118819125735791999e+02 3.118561212502448825e+02 3.106182399677467743e+02 3.094776085523948836e+02
0.000000000000000000e+00 0.000000000000000000e+00 0.000000000000000000e+00 0.000000000000000000e+00 0.000000000000000000e+00 0.000000000000000000e+00 0.000000000000000000e+00 0.000000000000000000e+00 0.000000000000000000e+00 0.000000000000000000e+00 0.000000000000000000e+00 3.182669826628390979e+02 3.186663047366533874e+02 3.182348962955829279e+02 3.178130786546901163e+02 3.125022592034587205e+02 3.170381188337004801e+02 3.165284789426607404e+02 3.155218465141404636e+02 3.153520052293755498e+02 3.141910336236502417e+02 3.142755429942964724e+02 3.126550347702571457e+02 3.115257074632945660e+02
0.000000000000000000e+00 0.000000000000000000e+00 0.000000000000000000e+00 0.000000000000000000e+00 0.000000000000000000e+00 0.000000000000000000e+00 0.000000000000000000e+00 0.000000000000000000e+00 0.000000000000000000e+00 0.000000000000000000e+00 0.000000000000000000e+00 3.204540421788881872e+02 3.208695782263517913e+02 3.204733381224925211e+02 3.199654265651801097e+02 3.152145601194151823e+02 3.192315725928788765e+02 3.186212233725525493e+02 3.176760213512388304e+02 3.173821774229305674e+02 3.162611698367634290e+02 3.162910997749845023e+02 3.146774425257265762e+02 3.137710002649855596e+02
0.000000000000000000e+00 0.000000000000000000e+00 0.000000000000000000e+00 0.000000000000000000e+00 0.000000000000000000e+00 0.000000000000000000e+00 0.000000000000000000e+00 0.000000000000000000e+00 0.000000000000000000e+00 0.000000000000000000e+00 0.000000000000000000e+00 3.207382815103742928e+02 3.211675195074006979e+02 3.207411351145032654e+02 3.202817893561967821e+02 3.155759871001050669e+02 3.195124625589162974e+02 3.189356069930768172e+02 3.179806613631851064e+02 3.176834680694281587e+02 3.165094796116181897e+02 3.165961965185828717e+02 3.149170743991915629e+02 3.140550873525876341e+02
0.000000000000000000e+00 0.000000000000000000e+00 0.000000000000000000e+00 0.000000000000000000e+00 0.000000000000000000e+00 0.000000000000000000e+00 0.000000000000000000e+00 0.000000000000000000e+00 0.000000000000000000e+00 0.000000000000000000e+00 0.000000000000000000e+00 3.208855520942212252e+02 3.213468628028228409e+02 3.209038330786015649e+02 3.204380930771645808e+02 3.157797909128994434e+02 3.196687662798840961e+02 3.191100784842090547e+02 3.181644704792063294e+02 3.178752953633431844e+02 3.166825301598325382e+02 3.167421476554346214e+02 3.150661719096472098e+02 3.142640674574400350e+02
