2.309080042409665870e-02
7.642155306136320936e-02
1.390581218651775197e-01
1.469305045575973190e-01
1.490223621587770109e-01
1.365534762604266594e-01
9.133663475210630767e-02
7.232289269008733423e-02
5.904817402013999572e-02
3.325181211723633734e-02
3.142076519448128158e-02
8.537910222676220462e-03
1.354242000878483863e-02
8.695427020412493241e-03
5.457862645198063335e-03
5.175444752222643622e-05
2.528763527366369602e-03
1.446349308304099900e-03
5.618247324117764570e-04
4.207398971917629383e-04
1.276445716915279387e-04
1.354858373488480503e-04
2.535285552452664612e-05
1.136782407766099721e-05
