3.760000000000026432e+01 3.770000000000026574e+01 3.820000000000027285e+01 3.810000000000027143e+01 3.850000000000027711e+01 3.660000000000025011e+01 3.660000000000025011e+01 3.670000000000025153e+01
5.413333333333441999e+01 5.503333333333446120e+01 5.546666666666779832e+01 5.483333333333443704e+01 5.490000000000109281e+01 5.266666666666771590e+01 5.340000000000108571e+01 5.290000000000105729e+01
5.995555555555662153e+01 6.045555555555666416e+01 6.080000000000111271e+01 6.047777777777886143e+01 6.045555555555662863e+01 5.848888888888991744e+01 5.891111111111217724e+01 5.823333333333437167e+01
7.065185185185214323e+01 7.165555555555567935e+01 7.205925925925929221e+01 7.147037037037050311e+01 7.150740740740752699e+01 6.989629629629678220e+01 6.984444444444494593e+01 6.958148148148204371e+01
8.039012345679115867e+01 8.139382716049469479e+01 8.152098765432174332e+01 8.122839506172927315e+01 8.138395061728482460e+01 7.989135802469260739e+01 8.005679012345807166e+01 7.981358024691492403e+01
8.867325102880825227e+01 8.971646090535129758e+01 8.993580246913720089e+01 8.939300411522783918e+01 8.956172839506322703e+01 8.814814814815002819e+01 8.816872427983729210e+01 8.792551440329414447e+01
9.640768175583633592e+01 9.746844993141917257e+01 9.766145404664538887e+01 9.721522633745487951e+01 9.750685871056880671e+01 9.558408779150165913e+01 9.580658436214652340e+01 9.532633744856619273e+01
1.016576131687296964e+02 1.025135345221818000e+02 1.028118884316466790e+02 1.020905807041663280e+02 1.025285322359450646e+02 1.007345221765029493e+02 1.011735711019717314e+02 1.004358024691413362e+02
1.072879743941583968e+02 1.083116750495463521e+02 1.084929736320792415e+02 1.079745618046143392e+02 1.082876543209989535e+02 1.068213991769664091e+02 1.070497485139576099e+02 1.065421886907601277e+02
1.109270944469863309e+02 1.119507951023742862e+02 1.122049281105534817e+02 1.115746634151317522e+02 1.119787989635742491e+02 1.102914393131154185e+02 1.104677640603592579e+02 1.099862165320354563e+02
1.133236938813612085e+02 1.142190672153716378e+02 1.145512371081723018e+02 1.139556554725823361e+02 1.142644126064874825e+02 1.127886196210024110e+02 1.128730342596920764e+02 1.124816626869308607e+02
1.188463931085271383e+02 1.198342546020881798e+02 1.200646875193831704e+02 1.195928087971921485e+02 1.198356681174174838e+02 1.180720057353311319e+02 1.182963087153410982e+02 1.178471320428607498e+02
1.220518785716187722e+02 1.231006281035506333e+02 1.233241244088793280e+02 1.227643819351152246e+02 1.231074367615203897e+02 1.213553353993778643e+02 1.216096970312417795e+02 1.212807549661772271e+02
1.229865228061971862e+02 1.239823485579412647e+02 1.242222872027457754e+02 1.236728211911540569e+02 1.239814498692817324e+02 1.222216411605099182e+02 1.225314956881047124e+02 1.221891942222160594e+02
1.238946195135094968e+02 1.249151087744676403e+02 1.251807385747034687e+02 1.246518254874568044e+02 1.249470947647601946e+02 1.231561141207317149e+02 1.234940576449314165e+02 1.230842740774431689e+02
1.243703055291647388e+02 1.253528860629991328e+02 1.256345014710582291e+02 1.251051316521594714e+02 1.253823600292051736e+02 1.236333986971692838e+02 1.239430248589391965e+02 1.235560778740556174e+02
1.249744092610002326e+02 1.259731276465419256e+02 1.262335811547206958e+02 1.257022321653295336e+02 1.259937714674741613e+02 1.242717573029117801e+02 1.245235307887498664e+02 1.241770806770185658e+02
1.250731647937796964e+02 1.260746235692340775e+02 1.263373099877120751e+02 1.258015966736451503e+02 1.260954703820116976e+02 1.243687874050054774e+02 1.246274626135866299e+02 1.242830424203091724e+02
