0.000000000000000000e+00 0.000000000000000000e+00 0.000000000000000000e+00 0.000000000000000000e+00 0.000000000000000000e+00 0.000000000000000000e+00 0.000000000000000000e+00 0.000000000000000000e+00 6.640000000000050306e+01 6.920000000000034390e+01 0.000000000000000000e+00 0.000000000000000000e+00 6.440000000000061675e+01
0.000000000000000000e+00 0.000000000000000000e+00 0.000000000000000000e+00 0.000000000000000000e+00 0.000000000000000000e+00 0.000000000000000000e+00 0.000000000000000000e+00 0.000000000000000000e+00 9.126666666666575622e+01 9.246666666666568801e+01 0.000000000000000000e+00 0.000000000000000000e+00 8.293333333333289659e+01
0.000000000000000000e+00 0.000000000000000000e+00 0.000000000000000000e+00 0.000000000000000000e+00 0.000000000000000000e+00 0.000000000000000000e+00 0.000000000000000000e+00 0.000000000000000000e+00 1.058888888888902642e+02 1.055777777777788486e+02 0.000000000000000000e+00 0.000000000000000000e+00 9.964444444444661997e+01
0.000000000000000000e+00 0.000000000000000000e+00 0.000000000000000000e+00 0.000000000000000000e+00 0.000000000000000000e+00 0.000000000000000000e+00 0.000000000000000000e+00 0.000000000000000000e+00 1.226888888888875186e+02 1.255777777777755801e+02 0.000000000000000000e+00 0.000000000000000000e+00 1.221037037037022088e+02
0.000000000000000000e+00 0.000000000000000000e+00 0.000000000000000000e+00 0.000000000000000000e+00 0.000000000000000000e+00 0.000000000000000000e+00 0.000000000000000000e+00 0.000000000000000000e+00 1.367333333333267547e+02 1.396024691357930010e+02 0.000000000000000000e+00 0.000000000000000000e+00 1.335407407407361404e+02
0.000000000000000000e+00 0.000000000000000000e+00 0.000000000000000000e+00 0.000000000000000000e+00 0.000000000000000000e+00 0.000000000000000000e+00 0.000000000000000000e+00 0.000000000000000000e+00 1.466362139917637251e+02 1.471876543209787656e+02 0.000000000000000000e+00 0.000000000000000000e+00 1.423901234567861991e+02
0.000000000000000000e+00 0.000000000000000000e+00 0.000000000000000000e+00 0.000000000000000000e+00 0.000000000000000000e+00 0.000000000000000000e+00 0.000000000000000000e+00 0.000000000000000000e+00 1.520617283950504657e+02 1.524024691357883512e+02 0.000000000000000000e+00 0.000000000000000000e+00 1.493080932784527874e+02
0.000000000000000000e+00 0.000000000000000000e+00 0.000000000000000000e+00 0.000000000000000000e+00 0.000000000000000000e+00 0.000000000000000000e+00 0.000000000000000000e+00 0.000000000000000000e+00 1.560064929126633047e+02 1.564057613168672560e+02 0.000000000000000000e+00 0.000000000000000000e+00 1.530655692729742157e+02
0.000000000000000000e+00 0.000000000000000000e+00 0.000000000000000000e+00 0.000000000000000000e+00 0.000000000000000000e+00 0.000000000000000000e+00 0.000000000000000000e+00 0.000000000000000000e+00 1.590304221917286895e+02 1.586532235939532711e+02 0.000000000000000000e+00 0.000000000000000000e+00 1.555978661789270348e+02
0.000000000000000000e+00 0.000000000000000000e+00 0.000000000000000000e+00 0.000000000000000000e+00 0.000000000000000000e+00 0.000000000000000000e+00 0.000000000000000000e+00 0.000000000000000000e+00 1.624822537214661224e+02 1.625316567596190680e+02 0.000000000000000000e+00 0.000000000000000000e+00 1.586725194329960971e+02
0.000000000000000000e+00 0.000000000000000000e+00 0.000000000000000000e+00 0.000000000000000000e+00 0.000000000000000000e+00 0.000000000000000000e+00 0.000000000000000000e+00 0.000000000000000000e+00 1.640429914138954928e+02 1.641444190417960840e+02 0.000000000000000000e+00 0.000000000000000000e+00 1.607014784331542785e+02
0.000000000000000000e+00 0.000000000000000000e+00 0.000000000000000000e+00 0.000000000000000000e+00 0.000000000000000000e+00 0.000000000000000000e+00 0.000000000000000000e+00 0.000000000000000000e+00 1.646661303888677423e+02 1.649386611119369661e+02 0.000000000000000000e+00 0.000000000000000000e+00 1.615963013768064513e+02
0.000000000000000000e+00 0.000000000000000000e+00 0.000000000000000000e+00 0.000000000000000000e+00 0.000000000000000000e+00 0.000000000000000000e+00 0.000000000000000000e+00 0.000000000000000000e+00 1.657890907927447586e+02 1.664747352951400501e+02 0.000000000000000000e+00 0.000000000000000000e+00 1.627909401043351920e+02
0.000000000000000000e+00 0.000000000000000000e+00 0.000000000000000000e+00 0.000000000000000000e+00 0.000000000000000000e+00 0.000000000000000000e+00 0.000000000000000000e+00 0.000000000000000000e+00 1.659627630034532615e+02 1.666689604301927545e+02 0.000000000000000000e+00 0.000000000000000000e+00 1.629368658671790229e+02
0.000000000000000000e+00 0.000000000000000000e+00 0.000000000000000000e+00 0.000000000000000000e+00 0.000000000000000000e+00 0.000000000000000000e+00 0.000000000000000000e+00 0.000000000000000000e+00 1.663375113239958694e+02 1.669457398113613351e+02 0.000000000000000000e+00 0.000000000000000000e+00 1.633129843826779108e+02
0.000000000000000000e+00 0.000000000000000000e+00 0.000000000000000000e+00 0.000000000000000000e+00 0.000000000000000000e+00 0.000000000000000000e+00 0.000000000000000000e+00 0.000000000000000000e+00 1.669732817837098366e+02 1.674380965323179851e+02 0.000000000000000000e+00 0.000000000000000000e+00 1.640117838103807628e+02
0.000000000000000000e+00 0.000000000000000000e+00 0.000000000000000000e+00 0.000000000000000000e+00 0.000000000000000000e+00 0.000000000000000000e+00 0.000000000000000000e+00 0.000000000000000000e+00 1.679656074198246927e+02 1.682583865794776727e+02 0.000000000000000000e+00 0.000000000000000000e+00 1.646350702716041781e+02
0.000000000000000000e+00 0.000000000000000000e+00 0.000000000000000000e+00 0.000000000000000000e+00 0.000000000000000000e+00 0.000000000000000000e+00 0.000000000000000000e+00 0.000000000000000000e+00 1.680679153098840573e+02 1.683698291025780520e+02 0.000000000000000000e+00 0.000000000000000000e+00 1.647258076264782574e+02
