1.180000000000000059e-03
7.239999999999999908e-03
1.909999999999999892e-02
3.520000000000000212e-02
5.228000000000000008e-02
6.890000000000000291e-02
7.592000000000000137e-02
8.296000000000000596e-02
8.326000000000000068e-02
7.929999999999999549e-02
7.185999999999999333e-02
6.474000000000000588e-02
6.038000000000000311e-02
4.948000000000000315e-02
4.501999999999999752e-02
3.579999999999999849e-02
3.041999999999999912e-02
2.685999999999999846e-02
2.048000000000000168e-02
1.650000000000000078e-02
1.423999999999999919e-02
1.125999999999999918e-02
9.900000000000000813e-03
8.359999999999999376e-03
5.839999999999999705e-03
4.859999999999999737e-03
3.480000000000000020e-03
3.399999999999999811e-03
2.439999999999999895e-03
2.439999999999999895e-03
1.260000000000000052e-03
1.139999999999999954e-03
1.199999999999999895e-03
6.199999999999999999e-04
6.599999999999999964e-04
3.200000000000000262e-04
2.599999999999999772e-04
3.400000000000000244e-04
2.799999999999999755e-04
2.200000000000000078e-04
1.000000000000000048e-04
1.000000000000000048e-04
8.000000000000000654e-05
4.000000000000000327e-05
6.000000000000000152e-05
8.000000000000000654e-05
4.000000000000000327e-05
4.000000000000000327e-05
4.000000000000000327e-05
2.000000000000000164e-05
