1.221494138145279122e-03
6.976723508767752532e-03
1.997998278057771734e-02
3.638525304840779101e-02
5.368202572596236788e-02
6.716871670594203036e-02
7.862227228300780468e-02
8.107944223239670067e-02
8.050194467232174578e-02
7.772260399830308031e-02
7.425943547519062160e-02
6.628125614173729918e-02
5.975059613219332877e-02
4.860115258787184311e-02
4.422036963431711515e-02
3.516413222808868755e-02
2.987969001057144691e-02
2.638292155437044900e-02
2.011624100645967653e-02
1.620693245149339157e-02
1.398707382480399164e-02
1.106000360023124546e-02
9.724159470896033552e-03
8.808335060607101405e-03
6.254368589963971506e-03
5.271141813166988627e-03
3.972157459832158059e-03
3.103104713104114145e-03
3.000845668889557272e-03
2.502271037431737320e-03
1.524235198477255767e-03
1.400682239737440502e-03
1.084151509618052830e-03
7.462525765221176806e-04
8.650550619903171670e-04
4.884681231110496067e-04
3.851200372546779928e-04
3.961353481666759786e-04
3.805131219740416734e-04
1.339080373304401097e-04
1.741888045439356301e-04
9.145559190288193017e-05
8.805112697176041808e-05
6.975693743984279389e-05
9.093273451407418630e-05
5.629103832419406537e-05
4.859692553372463910e-05
1.030475896071419636e-05
1.956413973752461246e-05
1.715075613230274300e-05
4.253837670404461089e-05
