7.500000000000001421e+01 7.659999999999992326e+01 7.729999999999988347e+01 7.799999999999984368e+01 7.879999999999979821e+01 7.929999999999976978e+01 7.999999999999972999e+01 7.989999999999973568e+01 7.919999999999977547e+01 7.949999999999975842e+01 7.889999999999979252e+01 7.889999999999979252e+01 7.929999999999976978e+01 7.929999999999976978e+01
9.826666666666535832e+01 9.953333333333195299e+01 1.021666666666651366e+02 1.017333333333318279e+02 1.023333333333317938e+02 1.031666666666650798e+02 1.032666666666650741e+02 1.038333333333317086e+02 1.033999999999983999e+02 1.032999999999984055e+02 1.032333333333317427e+02 1.034333333333317313e+02 1.029666666666650912e+02 1.026999999999984396e+02
1.267555555555587006e+02 1.294888888888921770e+02 1.293666666666693743e+02 1.312888888888919894e+02 1.312666666666696358e+02 1.316111111111139564e+02 1.314888888888916938e+02 1.322333333333361338e+02 1.318888888888917279e+02 1.314777777777805738e+02 1.317222222222250707e+02 1.317888888888917052e+02 1.316777777777806762e+02 1.312777777777806705e+02
1.479407407407404378e+02 1.505851851851850256e+02 1.515296296296287153e+02 1.521185185185182149e+02 1.524814814814809836e+02 1.526777777777771803e+02 1.528222222222215407e+02 1.530037037037031098e+02 1.529259259259253270e+02 1.527518518518511712e+02 1.528777777777771689e+02 1.528259259259253042e+02 1.528925925925920239e+02 1.521962962962957704e+02
1.612345679012257165e+02 1.629111111111030255e+02 1.642111111111020421e+02 1.644839506172756955e+02 1.652419753086332719e+02 1.654580246913492090e+02 1.655827160493738290e+02 1.656654320987566962e+02 1.655679012345591730e+02 1.655320987654231999e+02 1.654802469135715342e+02 1.652111111111025252e+02 1.655345679012258699e+02 1.652925925925836452e+02
1.706370370370289038e+02 1.723530864197457220e+02 1.736794238683044114e+02 1.741761316872352836e+02 1.742362139917615309e+02 1.748078189300330507e+02 1.748930041152181616e+02 1.750810699588397199e+02 1.750098765432018695e+02 1.750004115226255692e+02 1.749880658436134127e+02 1.748374485596629313e+02 1.749106995884693845e+02 1.744843621399094502e+02
1.795742112482682273e+02 1.812814814814651641e+02 1.823883401920268170e+02 1.829289437585570965e+02 1.834367626885972982e+02 1.833762688614373531e+02 1.837072702331791447e+02 1.837548696844825997e+02 1.837890260630833268e+02 1.838234567901064338e+02 1.836969821673358183e+02 1.835288065843455740e+02 1.835054869684333312e+02 1.832108367626716188e+02
1.836887059899326573e+02 1.855832647462210048e+02 1.867076817558224775e+02 1.871956104252332977e+02 1.874927297667956623e+02 1.876136716963805213e+02 1.879154092363892801e+02 1.878869227251868494e+02 1.879796067672536424e+02 1.879906264288903230e+02 1.879051211705459536e+02 1.876140374942769711e+02 1.876141289437511546e+02 1.873428898033758685e+02
1.883982319768125535e+02 1.901172077427035561e+02 1.914523243407818427e+02 1.919246456332684545e+02 1.922490778844481838e+02 1.925299954275061793e+02 1.926171315348070721e+02 1.927681298582330385e+02 1.926774272214403823e+02 1.926338210638423334e+02 1.925483158054979640e+02 1.924367169638573785e+02 1.923704770614036761e+02 1.921382563633389111e+02
1.927318803027677632e+02 1.947942183609913513e+02 1.957495554539138993e+02 1.963701468271804913e+02 1.967205913732339013e+02 1.969312757201329589e+02 1.970496265812822685e+02 1.971512015444482415e+02 1.971931616115113570e+02 1.970819234872417383e+02 1.969938169994100008e+02 1.969420464359788809e+02 1.969252298937851720e+02 1.966565919828972540e+02
1.953105658012594006e+02 1.973052718928110494e+02 1.982675455976999501e+02 1.987389998136899578e+02 1.991657470913732482e+02 1.994353926399863042e+02 1.995572118071187901e+02 1.996674575352427041e+02 1.996816711544404086e+02 1.995392182763222024e+02 1.994684533184063469e+02 1.993681264712107577e+02 1.993773222238908716e+02 1.990913427830870717e+02
1.972481927438447258e+02 1.992660208752840276e+02 2.001381186246110815e+02 2.006800950622584310e+02 2.010929691160091295e+02 2.012666581990884254e+02 2.014000383861647379e+02 2.015310939501875396e+02 2.014944390816324074e+02 2.014803135248906756e+02 2.013771777111321057e+02 2.013022851078129349e+02 2.012120560889761407e+02 2.010752138054477030e+02
2.000459595702507443e+02 2.018996212184877095e+02 2.027655530905113892e+02 2.034886521739453542e+02 2.038167454147746582e+02 2.040821519227416445e+02 2.042571517816157325e+02 2.043134460833351227e+02 2.042683131334878510e+02 2.042248996595550921e+02 2.041695493948976718e+02 2.040977397302301881e+02 2.039103981438652511e+02 2.037612241057300650e+02
2.033575495052102156e+02 2.049825598701179388e+02 2.060396339385426927e+02 2.066029340352004908e+02 2.069896031104107692e+02 2.071918093760193358e+02 2.073796548126085497e+02 2.074169376593095535e+02 2.073882470489376431e+02 2.073946744165395728e+02 2.073013012418453798e+02 2.072145907070283499e+02 2.070996981789767233e+02 2.069309988627145458e+02
2.047548058118768495e+02 2.064109881120399450e+02 2.075386272207131242e+02 2.080621916636387994e+02 2.084478330926318677e+02 2.086774432573660363e+02 2.088652886939552502e+02 2.088981184070483437e+02 2.088892956235424947e+02 2.088669488970625423e+02 2.087732331736292792e+02 2.086967991009843502e+02 2.085730003057169029e+02 2.083885437474575042e+02
2.061804936638862955e+02 2.078773250810857007e+02 2.089184135416871868e+02 2.095177954388603609e+02 2.099278720112404244e+02 2.101369292516303915e+02 2.103042217638754039e+02 2.103514385240094384e+02 2.103485532519808032e+02 2.103102209176775830e+02 2.102528153605857426e+02 2.101542298028142852e+02 2.100475584445003392e+02 2.098398085719841788e+02
2.066976661379400184e+02 2.084480874023183787e+02 2.094757784011251260e+02 2.100597836660111568e+02 2.104736663354919983e+02 2.106776995277089384e+02 2.108471234543303865e+02 2.108897728979434874e+02 2.108798844072494205e+02 2.108572331930014059e+02 2.108054606596187170e+02 2.107036779802826061e+02 2.105890899399990417e+02 2.103749458243535742e+02
2.072643178742509633e+02 2.090068224566604442e+02 2.100589739728325753e+02 2.106584066179656531e+02 2.110473212904677212e+02 2.112714506753748935e+02 2.114288980831203446e+02 2.114596725037801264e+02 2.114525244029983639e+02 2.114173891902609626e+02 2.113718079081616281e+02 2.112581502058721981e+02 2.111544222293151734e+02 2.109478903078705514e+02
