3.690000000000025437e+01 3.840000000000027569e+01 3.870000000000027995e+01 3.790000000000026859e+01 3.790000000000026859e+01 3.630000000000024585e+01 3.700000000000025580e+01 3.690000000000025437e+01
5.370000000000108997e+01 5.520000000000111129e+01 5.570000000000112550e+01 5.463333333333443420e+01 5.510000000000112408e+01 5.276666666666773153e+01 5.333333333333440152e+01 5.290000000000105018e+01
7.085555555555768592e+01 7.155555555555781666e+01 7.201111111111346474e+01 7.134444444444666544e+01 7.167777777778006509e+01 6.983333333333527548e+01 6.986666666666862113e+01 6.952222222222410153e+01
7.811481481481575884e+01 7.911111111111213745e+01 7.938888888889003681e+01 7.875185185185286230e+01 7.902592592592701237e+01 7.709259259259334840e+01 7.727407407407481799e+01 7.716666666666729668e+01
8.783333333333501969e+01 8.867160493827336154e+01 8.910740740740929766e+01 8.860864197531040531e+01 8.896172839506357377e+01 8.712716049382868277e+01 8.738765432098917074e+01 8.724074074074214025e+01
9.449670781893223648e+01 9.533497942387057833e+01 9.558641975308880490e+01 9.511399176954958534e+01 9.540123456790357181e+01 9.346131687242998964e+01 9.420905349794442429e+01 9.400946502057804821e+01
1.000100137174267161e+02 1.008570644718849536e+02 1.010646090535037018e+02 1.006272976680440649e+02 1.009408779149577384e+02 9.914142661180248695e+01 9.954677640604099054e+01 9.932085048011492745e+01
1.035275262917287336e+02 1.046555098308234051e+02 1.048045267489762296e+02 1.044257430269825164e+02 1.045578875171518263e+02 1.028052583447693138e+02 1.031871970736214479e+02 1.028090992226839830e+02
1.065124371284944687e+02 1.075740893156610127e+02 1.077270080780449035e+02 1.072623837829677313e+02 1.074803688462205002e+02 1.057901691815350489e+02 1.060160341411445302e+02 1.058213229690671824e+02
1.094518264492203912e+02 1.104874663415132545e+02 1.106273789564603049e+02 1.101003251536862990e+02 1.104405680028453673e+02 1.087243560432862353e+02 1.090412640349535991e+02 1.087216938474825838e+02
1.120825365374596743e+02 1.129933174143581880e+02 1.132841013395734109e+02 1.127986672085975215e+02 1.130886196210005323e+02 1.112406120340806979e+02 1.117170621009741751e+02 1.111997984724621062e+02
1.138132212230505047e+02 1.147714022817187072e+02 1.150136299231698587e+02 1.145166347722501428e+02 1.147869334507486485e+02 1.129759211276490589e+02 1.133910977888402556e+02 1.130090980936709570e+02
1.158125069386695714e+02 1.167753124053153044e+02 1.170668670651934491e+02 1.165321059157905665e+02 1.168093412062553682e+02 1.150992951239985302e+02 1.153387442820435638e+02 1.150291936451889114e+02
1.166587735985654746e+02 1.176241481807543039e+02 1.179110784326548753e+02 1.173501123047124111e+02 1.176407069960013132e+02 1.159352853217220485e+02 1.161901491730256595e+02 1.158328129870694170e+02
1.172822123036987847e+02 1.182270339615425598e+02 1.184944389353153298e+02 1.179355280998073709e+02 1.182343439608342948e+02 1.165409114924229783e+02 1.167735096756861140e+02 1.164507709123773793e+02
1.178259513355159385e+02 1.188089100863095098e+02 1.190751732309520463e+02 1.185055292016198933e+02 1.188237561578607853e+02 1.170958404497164196e+02 1.173503617522800369e+02 1.170205436483638550e+02
1.180202145315396507e+02 1.189996716730005062e+02 1.192627376960783891e+02 1.186950728372386408e+02 1.190186283294206220e+02 1.172802077932781089e+02 1.175423412900432822e+02 1.172096305523305091e+02
1.181973249166374558e+02 1.191738386763402389e+02 1.194343673013508180e+02 1.188717772386456772e+02 1.191953327308276585e+02 1.174651333644232096e+02 1.177247294631210792e+02 1.173869439292736985e+02
