0.000000000000000000e+00 0.000000000000000000e+00 0.000000000000000000e+00 0.000000000000000000e+00 0.000000000000000000e+00 0.000000000000000000e+00 0.000000000000000000e+00 0.000000000000000000e+00 6.270000000000062101e+01 7.669999999999991758e+01 0.000000000000000000e+00 0.000000000000000000e+00 6.060000000000059117e+01
0.000000000000000000e+00 0.000000000000000000e+00 0.000000000000000000e+00 0.000000000000000000e+00 0.000000000000000000e+00 0.000000000000000000e+00 0.000000000000000000e+00 0.000000000000000000e+00 8.929999999999924398e+01 9.649999999999879208e+01 0.000000000000000000e+00 0.000000000000000000e+00 8.086666666666646108e+01
0.000000000000000000e+00 0.000000000000000000e+00 0.000000000000000000e+00 0.000000000000000000e+00 0.000000000000000000e+00 0.000000000000000000e+00 0.000000000000000000e+00 0.000000000000000000e+00 1.190777777777816766e+02 1.196111111111135159e+02 0.000000000000000000e+00 0.000000000000000000e+00 1.168666666666720886e+02
0.000000000000000000e+00 0.000000000000000000e+00 0.000000000000000000e+00 0.000000000000000000e+00 0.000000000000000000e+00 0.000000000000000000e+00 0.000000000000000000e+00 0.000000000000000000e+00 1.583074074074048951e+02 1.583370370370331273e+02 0.000000000000000000e+00 0.000000000000000000e+00 1.574296296296284368e+02
0.000000000000000000e+00 0.000000000000000000e+00 0.000000000000000000e+00 0.000000000000000000e+00 0.000000000000000000e+00 0.000000000000000000e+00 0.000000000000000000e+00 0.000000000000000000e+00 1.719765432098652411e+02 1.720061728394934732e+02 0.000000000000000000e+00 0.000000000000000000e+00 1.695975308641885135e+02
0.000000000000000000e+00 0.000000000000000000e+00 0.000000000000000000e+00 0.000000000000000000e+00 0.000000000000000000e+00 0.000000000000000000e+00 0.000000000000000000e+00 0.000000000000000000e+00 1.857510288065741122e+02 1.868473251028690925e+02 0.000000000000000000e+00 0.000000000000000000e+00 1.804880658436132137e+02
0.000000000000000000e+00 0.000000000000000000e+00 0.000000000000000000e+00 0.000000000000000000e+00 0.000000000000000000e+00 0.000000000000000000e+00 0.000000000000000000e+00 0.000000000000000000e+00 1.892626886145266951e+02 1.892791495198762561e+02 0.000000000000000000e+00 0.000000000000000000e+00 1.833237311385349244e+02
0.000000000000000000e+00 0.000000000000000000e+00 0.000000000000000000e+00 0.000000000000000000e+00 0.000000000000000000e+00 0.000000000000000000e+00 0.000000000000000000e+00 0.000000000000000000e+00 1.931196616369404353e+02 1.925449931412827311e+02 0.000000000000000000e+00 0.000000000000000000e+00 1.879064471879278813e+02
0.000000000000000000e+00 0.000000000000000000e+00 0.000000000000000000e+00 0.000000000000000000e+00 0.000000000000000000e+00 0.000000000000000000e+00 0.000000000000000000e+00 0.000000000000000000e+00 1.951135040390080633e+02 1.953035970126365726e+02 0.000000000000000000e+00 0.000000000000000000e+00 1.909576893766106309e+02
0.000000000000000000e+00 0.000000000000000000e+00 0.000000000000000000e+00 0.000000000000000000e+00 0.000000000000000000e+00 0.000000000000000000e+00 0.000000000000000000e+00 0.000000000000000000e+00 1.966222171416815456e+02 1.968617334755700483e+02 0.000000000000000000e+00 0.000000000000000000e+00 1.930932987857398189e+02
0.000000000000000000e+00 0.000000000000000000e+00 0.000000000000000000e+00 0.000000000000000000e+00 0.000000000000000000e+00 0.000000000000000000e+00 0.000000000000000000e+00 0.000000000000000000e+00 1.972343731477121764e+02 1.974634845636511500e+02 0.000000000000000000e+00 0.000000000000000000e+00 1.936135446832162756e+02
0.000000000000000000e+00 0.000000000000000000e+00 0.000000000000000000e+00 0.000000000000000000e+00 0.000000000000000000e+00 0.000000000000000000e+00 0.000000000000000000e+00 0.000000000000000000e+00 1.979395953642855943e+02 1.982912535916291290e+02 0.000000000000000000e+00 0.000000000000000000e+00 1.943927574274301833e+02
0.000000000000000000e+00 0.000000000000000000e+00 0.000000000000000000e+00 0.000000000000000000e+00 0.000000000000000000e+00 0.000000000000000000e+00 0.000000000000000000e+00 0.000000000000000000e+00 1.987943401054658352e+02 1.990411784186520094e+02 0.000000000000000000e+00 0.000000000000000000e+00 1.951002918479923665e+02
0.000000000000000000e+00 0.000000000000000000e+00 0.000000000000000000e+00 0.000000000000000000e+00 0.000000000000000000e+00 0.000000000000000000e+00 0.000000000000000000e+00 0.000000000000000000e+00 1.989459179225043215e+02 1.992056018134056217e+02 0.000000000000000000e+00 0.000000000000000000e+00 1.952981137448053062e+02
0.000000000000000000e+00 0.000000000000000000e+00 0.000000000000000000e+00 0.000000000000000000e+00 0.000000000000000000e+00 0.000000000000000000e+00 0.000000000000000000e+00 0.000000000000000000e+00 1.993501254346069516e+02 1.995649354406900784e+02 0.000000000000000000e+00 0.000000000000000000e+00 1.955622188226282958e+02
0.000000000000000000e+00 0.000000000000000000e+00 0.000000000000000000e+00 0.000000000000000000e+00 0.000000000000000000e+00 0.000000000000000000e+00 0.000000000000000000e+00 0.000000000000000000e+00 1.994389597409391115e+02 1.996275076770268697e+02 0.000000000000000000e+00 0.000000000000000000e+00 1.956391781060060282e+02
0.000000000000000000e+00 0.000000000000000000e+00 0.000000000000000000e+00 0.000000000000000000e+00 0.000000000000000000e+00 0.000000000000000000e+00 0.000000000000000000e+00 0.000000000000000000e+00 1.995479663619053952e+02 1.997173315686052320e+02 0.000000000000000000e+00 0.000000000000000000e+00 1.957448353615236272e+02
0.000000000000000000e+00 0.000000000000000000e+00 0.000000000000000000e+00 0.000000000000000000e+00 0.000000000000000000e+00 0.000000000000000000e+00 0.000000000000000000e+00 0.000000000000000000e+00 1.998653441121193168e+02 2.000847468086993786e+02 0.000000000000000000e+00 0.000000000000000000e+00 1.959735056753170284e+02
