5.100000000000000366e-04
2.759999999999999867e-03
9.069999999999999937e-03
1.756999999999999881e-02
2.942000000000000171e-02
4.109000000000000152e-02
5.202999999999999986e-02
6.024999999999999800e-02
6.682000000000000439e-02
6.941999999999999560e-02
6.918000000000000538e-02
6.741999999999999382e-02
6.307999999999999718e-02
5.782999999999999946e-02
5.222999999999999865e-02
4.830000000000000265e-02
4.236000000000000182e-02
3.713000000000000328e-02
3.255999999999999867e-02
2.706000000000000072e-02
2.451000000000000054e-02
1.993999999999999939e-02
1.745999999999999983e-02
1.456000000000000003e-02
1.285000000000000031e-02
1.043999999999999963e-02
8.840000000000000635e-03
7.660000000000000142e-03
6.179999999999999730e-03
5.329999999999999669e-03
4.590000000000000330e-03
3.589999999999999875e-03
2.830000000000000050e-03
2.619999999999999933e-03
2.180000000000000080e-03
1.910000000000000022e-03
1.490000000000000005e-03
1.170000000000000033e-03
1.039999999999999909e-03
9.100000000000000016e-04
6.700000000000000226e-04
6.199999999999999999e-04
5.100000000000000366e-04
2.799999999999999755e-04
3.099999999999999999e-04
2.999999999999999737e-04
2.599999999999999772e-04
1.700000000000000122e-04
1.399999999999999877e-04
6.000000000000000152e-05
6.999999999999999387e-05
6.999999999999999387e-05
4.000000000000000327e-05
6.999999999999999387e-05
1.000000000000000082e-05
3.000000000000000076e-05
5.000000000000000240e-05
2.000000000000000164e-05
2.000000000000000164e-05
4.000000000000000327e-05
2.000000000000000164e-05
2.000000000000000164e-05
2.000000000000000164e-05
1.000000000000000082e-05
