4.282084826766842291e-04
2.613152297820706127e-03
7.879291849306030091e-03
1.775695417052454775e-02
2.828388358466715768e-02
4.120824212877089582e-02
5.152649603365667963e-02
6.034946013365500433e-02
6.698644896923974801e-02
6.758147297193231595e-02
6.889671796872028076e-02
6.459585082316314508e-02
6.394331064166013101e-02
5.831895318474377560e-02
5.294385819027411927e-02
4.896014456423892353e-02
4.293895908366792552e-02
3.763747759151534616e-02
3.300501670831509915e-02
2.742984496704566066e-02
2.484499261427527972e-02
2.021253173107503270e-02
1.769863610955717606e-02
1.475900010052419616e-02
1.371794536868464927e-02
1.134742931501350575e-02
9.386547955874711274e-03
7.764514770879703959e-03
6.422775434655628689e-03
5.312894044419734681e-03
4.394804615918211817e-03
3.635364727889185427e-03
3.007159102571298811e-03
2.487509932305497287e-03
2.057658225674738415e-03
1.702086620318642163e-03
1.407959216413469470e-03
1.164658209176523164e-03
9.634005931347443350e-04
7.969211014350924445e-04
6.592099345154712022e-04
5.452958103146495839e-04
4.510665042772224313e-04
3.731204007664598457e-04
3.086436969892152504e-04
2.553088265757823641e-04
2.111904359731038799e-04
1.746958804546888319e-04
1.445077306991568249e-04
1.195362144629188072e-04
9.887987652281528045e-05
8.179303673867146618e-05
6.765887149333152883e-05
5.596714676796953742e-05
4.629579903141253745e-05
3.829569902576428642e-05
