1.221999999999973312e+02 1.216999999999973596e+02 1.259999999999971152e+02 1.236999999999972459e+02 1.273999999999970356e+02 1.279999999999970015e+02 1.267999999999970697e+02 1.279999999999970015e+02 1.279999999999970015e+02 1.279999999999970015e+02 1.283999999999969930e+02 1.277999999999970129e+02 1.282999999999969987e+02 1.276999999999970186e+02 1.279999999999970015e+02
1.815999999999939689e+02 1.866333333333270161e+02 1.871999999999936506e+02 1.884999999999935767e+02 1.890666666666602111e+02 1.896666666666601770e+02 1.899999999999934914e+02 1.900666666666601543e+02 1.901333333333268172e+02 1.899999999999934914e+02 1.900666666666601543e+02 1.906666666666601202e+02 1.898333333333268342e+02 1.904333333333268001e+02 1.894666666666601884e+02
2.097777777777761514e+02 2.171666666666651224e+02 2.169333333333316318e+02 2.183666666666649121e+02 2.186666666666648382e+02 2.194888888888870611e+02 2.195999999999981185e+02 2.198444444444425869e+02 2.196444444444425415e+02 2.199999999999981810e+02 2.197555555555536841e+02 2.198666666666646847e+02 2.195666666666648155e+02 2.195888888888869133e+02 2.195111111111093294e+02
2.331851851851797335e+02 2.398925925925873344e+02 2.403407407407352139e+02 2.424555555555498643e+02 2.427555555555497904e+02 2.429555555555498927e+02 2.435703703703645715e+02 2.433999999999942929e+02 2.434666666666608705e+02 2.436740740740683862e+02 2.438148148148090115e+02 2.436296296296237642e+02 2.438333333333275164e+02 2.432629629629571184e+02 2.430962962962906602e+02
2.764246913580208229e+02 2.819864197530914680e+02 2.837975308642040773e+02 2.837790123456867377e+02 2.847703703703789984e+02 2.851086419753177665e+02 2.851901234567995402e+02 2.854543209876639480e+02 2.856197530864294549e+02 2.856888888888988731e+02 2.858098765432199571e+02 2.856246913580344540e+02 2.855123456790221894e+02 2.852777777777870369e+02 2.853876543209971146e+02
2.981530864197039818e+02 3.030827160493438441e+02 3.041827160493468227e+02 3.053625514402920089e+02 3.058534979423515665e+02 3.059152263374143672e+02 3.063390946501711483e+02 3.068139917695124836e+02 3.068477366254799108e+02 3.067983539094310572e+02 3.064452674896790541e+02 3.064181069958512467e+02 3.064637860081966778e+02 3.065584362139567247e+02 3.062469135802129472e+02
3.250348422496680314e+02 3.289636488340381675e+02 3.298617283950832189e+02 3.311644718793071434e+02 3.311286694101721082e+02 3.318927297668276992e+02 3.320005486968677246e+02 3.321681755830122142e+02 3.322370370370592809e+02 3.323105624142891656e+02 3.324842249657317552e+02 3.322112482853464712e+02 3.320813443072937048e+02 3.322111111111333912e+02 3.320137174211484421e+02
3.370739826246377788e+02 3.404818930041599288e+02 3.417194330133081621e+02 3.426593049840424783e+02 3.429922267947436580e+02 3.433582990398300012e+02 3.438641060814392745e+02 3.438385916781457468e+02 3.440888888889376176e+02 3.439985368084625179e+02 3.439205304070010243e+02 3.440162780064519552e+02 3.437810242341602702e+02 3.439224965706931698e+02 3.436314586191625153e+02
3.496262155159324152e+02 3.523903215973309671e+02 3.536590763603276173e+02 3.545560280445203603e+02 3.548850480109904879e+02 3.555437585734057393e+02 3.556476756592166453e+02 3.557431184270857329e+02 3.559817101051844475e+02 3.557899100747019929e+02 3.559538180155657301e+02 3.558349641823087950e+02 3.557713915561834028e+02 3.558738454504057813e+02 3.555750038104130226e+02
3.582024691357849520e+02 3.606986485799845923e+02 3.620012193263170275e+02 3.627863181425529433e+02 3.634508967128935524e+02 3.637584412945141139e+02 3.639716100187944789e+02 3.640072245084541009e+02 3.641495706955201968e+02 3.641684702535145561e+02 3.642387339328330427e+02 3.641979169841971498e+02 3.641603566529454383e+02 3.640156937458678499e+02 3.638833307930666479e+02
3.664605056815925650e+02 3.688023455095433860e+02 3.699991329233906754e+02 3.707911683515928303e+02 3.712892682347437017e+02 3.716002811223473827e+02 3.718724110483407799e+02 3.720311504004011454e+02 3.721474842925938447e+02 3.721178275668245305e+02 3.722262426119573320e+02 3.721143253906674886e+02 3.720906382833482553e+02 3.719546461412284657e+02 3.718500296362922199e+02
3.696559715941447735e+02 3.719411624243694519e+02 3.731356376342279191e+02 3.737924091290839783e+02 3.743379091940057037e+02 3.747032588753467053e+02 3.748979299677145605e+02 3.750971328895793135e+02 3.752365888216602343e+02 3.752867031335052843e+02 3.752529176333255236e+02 3.752057421237227004e+02 3.750340739611188496e+02 3.750599360982166104e+02 3.749541634912859536e+02
3.775806653983063939e+02 3.795999527698230622e+02 3.805724563967600602e+02 3.814550531478521975e+02 3.818895674213131883e+02 3.822032778802384314e+02 3.824611492149658716e+02 3.825886738131789002e+02 3.826479733403159571e+02 3.827181267533969731e+02 3.827298145983295967e+02 3.827358197804683755e+02 3.826728252053364940e+02 3.825984918362544249e+02 3.824356848642675573e+02
3.798769408707893263e+02 3.817806180428634661e+02 3.827392484458673607e+02 3.836187622583076973e+02 3.840116568599693778e+02 3.844250490019695121e+02 3.846834341598055858e+02 3.847868090719128418e+02 3.848625509385261694e+02 3.849363011133676196e+02 3.849212701566513033e+02 3.848882247825339391e+02 3.848457831317473961e+02 3.847642562391444585e+02 3.846333062998928654e+02
3.840913180075678497e+02 3.856853311195226865e+02 3.868333909752323052e+02 3.875577302088739202e+02 3.880499639448659082e+02 3.884277310180027598e+02 3.886590548254523014e+02 3.887898336366851595e+02 3.889306597637217919e+02 3.889263088260552763e+02 3.889092225769045399e+02 3.888816579826122961e+02 3.888628521948215848e+02 3.887878337282609778e+02 3.886699006410940456e+02
3.891498494203279392e+02 3.909336345337275702e+02 3.921353603585581595e+02 3.928569592022872143e+02 3.933823059830559714e+02 3.937271883772421006e+02 3.939927670585986448e+02 3.941169232608761490e+02 3.942116194910513514e+02 3.942871965925011750e+02 3.942516127114406572e+02 3.942277019703651604e+02 3.941666485047558126e+02 3.941121829625394071e+02 3.939821464865920007e+02
3.904917270141782524e+02 3.921721385303207512e+02 3.934040086441895028e+02 3.942178672816414178e+02 3.946992155799251805e+02 3.950364857799097535e+02 3.952640034902585171e+02 3.954161725671977479e+02 3.955196989426467553e+02 3.955524955126838336e+02 3.955517754810664428e+02 3.955258855694985414e+02 3.954735100052789676e+02 3.954039723185434809e+02 3.952923573525638403e+02
3.927488948392450538e+02 3.945575972016883952e+02 3.956612779651790106e+02 3.964738171556357429e+02 3.969393320899773130e+02 3.973156782202038357e+02 3.975391360936443448e+02 3.976971919341005446e+02 3.978015302769312029e+02 3.978103738092095796e+02 3.978296484743653423e+02 3.977651901121690230e+02 3.977550368517952961e+02 3.976629670702189969e+02 3.975662720048771916e+02
