4.499016219779910304e-04
2.745535188644837934e-03
8.278458569718021715e-03
1.865652551479181007e-02
2.971675157165516723e-02
4.329586106446667998e-02
5.413684006322676268e-02
6.340677753487640456e-02
7.037999773713463081e-02
7.100516579138205220e-02
7.238704139939078352e-02
6.786829134427105337e-02
6.718269332848936237e-02
6.127340464127472436e-02
5.562600610964971853e-02
5.144047664361551392e-02
4.511425653464913588e-02
3.954420078214170020e-02
3.467705837507496780e-02
2.881944716306906670e-02
2.610364560113905344e-02
2.123650319407232451e-02
1.859525304756784458e-02
1.550669440851018370e-02
1.368550983168643521e-02
nan
nan
8.047053206814820669e-03
nan
nan
4.553465196806659974e-03
nan
nan
2.835537261565971526e-03
nan
nan
1.433650727344966446e-03
nan
nan
9.061641871595189955e-04
nan
nan
4.403967595382071395e-04
nan
nan
3.071961241582373795e-04
nan
nan
1.589789233625471434e-04
nan
nan
8.527309970073339534e-05
nan
nan
2.143811863085280528e-05
7.854933244128001267e-05
