1.333333333333333329e-05
8.666666666666666811e-05
2.999999999999999737e-04
6.733333333333332924e-04
1.353333333333333341e-03
2.486666666666666539e-03
4.046666666666666294e-03
6.233333333333332914e-03
8.886666666666665979e-03
1.149999999999999981e-02
1.425333333333333313e-02
1.829333333333333506e-02
2.126000000000000112e-02
2.453999999999999931e-02
2.687333333333333241e-02
2.966666666666666757e-02
3.135333333333333028e-02
3.364000000000000323e-02
3.509333333333333055e-02
3.656666666666666399e-02
3.616666666666666641e-02
3.603333333333333388e-02
3.548666666666666636e-02
3.506000000000000089e-02
3.451333333333333336e-02
3.369333333333333208e-02
3.219333333333333075e-02
3.198000000000000148e-02
2.942000000000000171e-02
2.856666666666666729e-02
2.651333333333333320e-02
2.518666666666666623e-02
2.312000000000000166e-02
2.239999999999999977e-02
1.985999999999999918e-02
1.911333333333333287e-02
1.798666666666666816e-02
1.667333333333333167e-02
1.473333333333333266e-02
1.450666666666666597e-02
1.359333333333333400e-02
1.232666666666666633e-02
1.169333333333333336e-02
1.005999999999999950e-02
9.673333333333334130e-03
9.206666666666666818e-03
8.166666666666665825e-03
7.273333333333333039e-03
6.753333333333333410e-03
6.360000000000000202e-03
5.380000000000000233e-03
5.100000000000000366e-03
4.613333333333333001e-03
3.973333333333333058e-03
3.953333333333333005e-03
3.673333333333333138e-03
3.366666666666666679e-03
3.186666666666666640e-03
2.566666666666666749e-03
2.693333333333333170e-03
2.153333333333333488e-03
2.106666666666666844e-03
1.793333333333333411e-03
1.899999999999999996e-03
1.639999999999999965e-03
1.459999999999999926e-03
1.433333333333333334e-03
1.306666666666666697e-03
1.106666666666666606e-03
1.026666666666666613e-03
9.200000000000000278e-04
6.933333333333333449e-04
6.533333333333333484e-04
5.999999999999999474e-04
7.200000000000000453e-04
4.666666666666666619e-04
5.400000000000000069e-04
4.066666666666666672e-04
4.600000000000000139e-04
4.066666666666666672e-04
3.933333333333333169e-04
3.333333333333333222e-04
3.200000000000000262e-04
2.933333333333333257e-04
2.533333333333333292e-04
2.333333333333333310e-04
2.133333333333333327e-04
1.600000000000000131e-04
1.333333333333333397e-04
1.600000000000000131e-04
1.600000000000000131e-04
1.533333333333333380e-04
1.600000000000000131e-04
1.066666666666666664e-04
1.466666666666666629e-04
1.000000000000000048e-04
8.000000000000000654e-05
6.666666666666666986e-05
8.000000000000000654e-05
1.066666666666666664e-04
6.000000000000000152e-05
5.333333333333333318e-05
4.666666666666666484e-05
5.333333333333333318e-05
4.666666666666666484e-05
2.000000000000000164e-05
2.000000000000000164e-05
2.666666666666666659e-05
4.000000000000000327e-05
1.333333333333333329e-05
2.000000000000000164e-05
6.666666666666666647e-06
1.333333333333333329e-05
6.666666666666666647e-06
4.000000000000000327e-05
6.666666666666666647e-06
3.333333333333333493e-05
2.000000000000000164e-05
2.000000000000000164e-05
1.333333333333333329e-05
6.666666666666666647e-06
6.666666666666666647e-06
6.666666666666666647e-06
6.666666666666666647e-06
6.666666666666666647e-06
6.666666666666666647e-06
6.666666666666666647e-06
6.666666666666666647e-06
