3.542171288893238886e-07
4.134383711532896018e-06
2.318507964246510389e-05
9.054175331189756094e-05
2.642810816894777728e-04
6.136733328253452099e-04
1.340699825156180030e-03
2.294477551691798210e-03
4.063958226939180449e-03
6.268519272619477514e-03
8.936830150162354547e-03
1.156491523558144177e-02
1.433379059343369358e-02
1.839659559793361404e-02
2.138000851377925768e-02
2.467852346792770088e-02
2.702502800848045894e-02
2.983412915845647453e-02
3.153031672634174637e-02
3.382989117608345420e-02
3.529142828991345404e-02
3.677307829980533405e-02
3.637082037856772393e-02
3.623673440482184926e-02
3.568698191246377771e-02
3.525790679647698711e-02
3.470815430411891556e-02
3.388352556558180129e-02
3.237505836094074774e-02
3.216052080294735244e-02
2.958607010702661230e-02
2.872791987505303457e-02
2.666299587936660567e-02
2.532884044059518364e-02
2.325050784753417144e-02
2.252644358930646143e-02
1.997210578944760145e-02
1.922122433647072137e-02
1.808819785831810786e-02
1.676745101692126566e-02
1.643574345191285355e-02
1.497458970995177441e-02
1.364333397132064772e-02
1.243042817589100346e-02
1.132535089742644184e-02
1.031851607482089754e-02
9.401189857219502746e-03
8.565414841689910838e-03
7.803941046239082011e-03
7.110163019396688322e-03
6.478062540818352484e-03
5.902156415861587770e-03
5.377448911275169857e-03
4.899388419402512899e-03
4.463827974979926727e-03
4.066989282030301044e-03
3.705429938801286811e-03
3.376013576438682568e-03
3.075882652361093365e-03
2.802433662330312998e-03
2.553294556193008106e-03
2.326304161385155632e-03
2.119493435707152287e-03
1.931068386745644818e-03
1.759394509775524806e-03
1.602982609147744156e-03
1.460475880169678385e-03
1.330638139419017870e-03
1.212343101394318780e-03
1.104564608481858369e-03
1.006367729488032896e-03
9.169006495209761813e-04
8.353872808696665439e-04
7.611205307831444373e-04
6.934561677507703695e-04
6.318072330761966525e-04
5.756389492679019754e-04
5.244640810788119435e-04
4.778387089540543317e-04
4.353583782233619737e-04
3.966545906340553638e-04
3.613916077901890779e-04
3.292635387691001292e-04
2.999916866517059752e-04
2.733221309488675227e-04
2.490235249524205266e-04
2.268850889038692589e-04
2.067147815723516106e-04
1.883376343811208860e-04
1.715942336318201456e-04
1.563393376605096553e-04
1.424406169298825036e-04
1.297775061285198739e-04
1.182401583196506222e-04
1.077284920671136545e-04
9.815132327275844567e-05
8.942557419435370400e-05
8.147555278258171397e-05
7.423229608568058082e-05
6.763297202606030135e-05
6.162033435956485242e-05
5.614222608939151068e-05
5.115112702700062473e-05
4.660374157530509747e-05
4.246062315833935277e-05
3.868583203949974405e-05
3.524662356007959624e-05
3.211316409370479954e-05
2.925827225269921259e-05
2.665718310145841585e-05
2.428733333148621920e-05
2.212816553458154474e-05
