2.400000000000007105e+01 2.580000000000009663e+01 2.810000000000012932e+01 3.080000000000016769e+01 3.070000000000016627e+01 3.240000000000019043e+01 3.090000000000016911e+01 3.150000000000017764e+01 3.330000000000020322e+01 3.250000000000019185e+01
3.433333333333349202e+01 4.013333333333381603e+01 4.130000000000057980e+01 4.346666666666740042e+01 4.376666666666741179e+01 4.440000000000078728e+01 4.556666666666750842e+01 4.656666666666756527e+01 4.643333333333418977e+01 4.736666666666759795e+01
5.562222222222230528e+01 5.773333333333375350e+01 5.858888888888940727e+01 6.048888888888956217e+01 6.047777777777846353e+01 6.195555555555628047e+01 6.321111111111189018e+01 6.474444444444539215e+01 6.385555555555635010e+01 6.443333333333427504e+01
6.679259259259285386e+01 7.029629629629616261e+01 7.035185185185174817e+01 7.225185185185144121e+01 7.277407407407359585e+01 7.466666666666580454e+01 7.479629629629536680e+01 7.544074074073994041e+01 7.597407407407291657e+01 7.628518518518419000e+01
7.410123456790205410e+01 7.647901234567935091e+01 7.928024691358082521e+01 7.969876543209892361e+01 8.195925925925948263e+01 8.116543209876506637e+01 8.330987654320959734e+01 8.375679012345662500e+01 8.375679012345622709e+01 8.513456790123424867e+01
7.993497942386957789e+01 8.237860082304605669e+01 8.366543209876634535e+01 8.555884773662612020e+01 8.646296296296353034e+01 8.748641975308653684e+01 8.823497942386840975e+01 8.820781893004132712e+01 8.989341563785998801e+01 8.949341563786009601e+01
8.495665294924990008e+01 8.745294924554575289e+01 8.807256515775397077e+01 9.005377229081270229e+01 9.053648834019512037e+01 9.142825788751969185e+01 9.249286694101780881e+01 9.299245541838446627e+01 9.359821673525595997e+01 9.362839506173095572e+01
8.761380887060283840e+01 9.009839963420550646e+01 9.230411522634025800e+01 9.344252400548968751e+01 9.463342478280978298e+01 9.505697302240696445e+01 9.619766803841078229e+01 9.662117055327173887e+01 9.653630544124533230e+01 9.782482853223768871e+01
8.920576131687789712e+01 9.201810699589013609e+01 9.367366255144453646e+01 9.521786313062486329e+01 9.604979423868685728e+01 9.672306050907228325e+01 9.772719097698877988e+01 9.832237463801665456e+01 9.792926383173600868e+01 9.906951684194784491e+01
9.201508916323541598e+01 9.427077173195088733e+01 9.643876949651679809e+01 9.802979220646975023e+01 9.902299954274856475e+01 9.994598384392132573e+01 1.005495249707831391e+02 1.008741807651247342e+02 1.013784941319860735e+02 1.020245135395979759e+02
9.443076428051776361e+01 9.728646378432274844e+01 9.899144270013461266e+01 9.999111923995599227e+01 1.013606377754094439e+02 1.019350573252729788e+02 1.031837033650055986e+02 1.034840810174649590e+02 1.035739318193367211e+02 1.045910599671484960e+02
9.525737720650135998e+01 9.802868126471641119e+01 9.971516254861815298e+01 1.008975032035519916e+02 1.022912998808874789e+02 1.028171631469869425e+02 1.039201403354273481e+02 1.041788983160889330e+02 1.044860962929046337e+02 1.053286530395646281e+02
9.651213323773799857e+01 9.884874294606517253e+01 1.008635571963715876e+02 1.020929126657436541e+02 1.032130985377419137e+02 1.039902213039538736e+02 1.049051392346413678e+02 1.052625512521569391e+02 1.057377693854895853e+02 1.062851347562505424e+02
9.722326442006703928e+01 9.980137098944526031e+01 1.017046856251812983e+02 1.027752697539900169e+02 1.038944279797710379e+02 1.048292944403291074e+02 1.055314896040482324e+02 1.061828084396940142e+02 1.065542343050855720e+02 1.069217615878297920e+02
9.755519414823966429e+01 1.001182285730981789e+02 1.019544036559737066e+02 1.031390565148974758e+02 1.042390320112897797e+02 1.051019632366401595e+02 1.057966223280994313e+02 1.064506815536578870e+02 1.068495113181761837e+02 1.072968524571270308e+02
9.778607199837286146e+01 1.003831329313123319e+02 1.021811709212380634e+02 1.034605955979712064e+02 1.045384196092369820e+02 1.053976969813706148e+02 1.060978368526550071e+02 1.067340835437818214e+02 1.070954613128284620e+02 1.075674659609923509e+02
9.821311609308015989e+01 1.008063709289188523e+02 1.024993606388631093e+02 1.038278078462542737e+02 1.048748785929457625e+02 1.057804381058248566e+02 1.063997364746887229e+02 1.070708470152586642e+02 1.075485391117050824e+02 1.078746941189671560e+02
9.885477331633994424e+01 1.014650794671909182e+02 1.031983630584439595e+02 1.045470079544508621e+02 1.055960071236735018e+02 1.064448304157676830e+02 1.072083544907770971e+02 1.077662970775452891e+02 1.083436581700754004e+02 1.087791242860769216e+02
9.931116664868036992e+01 1.017700408828852545e+02 1.035304577174694316e+02 1.048864779838581143e+02 1.059661289217316380e+02 1.067842327812264784e+02 1.075780703051444931e+02 1.081446062133666857e+02 1.087212906664122301e+02 1.091648764562285550e+02
9.938663450585114845e+01 1.018857462347340572e+02 1.036281644590306428e+02 1.049850869113986533e+02 1.060574752521385875e+02 1.068928108638385908e+02 1.076988278984775320e+02 1.082440271082886198e+02 1.088011341255827489e+02 1.092698457949233557e+02
9.977141682609510553e+01 1.022125480693640753e+02 1.039279307871425431e+02 1.052874996517169990e+02 1.063620833116736435e+02 1.072099593084882798e+02 1.079936622765683296e+02 1.085400644010187108e+02 1.091006899436327728e+02 1.095414037747438272e+02
9.978557112168746812e+01 1.022343208243404291e+02 1.039502047565520542e+02 1.053068665774141976e+02 1.063823323747731990e+02 1.072256773931120932e+02 1.080107035672956783e+02 1.085537375307552423e+02 1.091169693884217224e+02 1.095613120120288357e+02
9.983443618749075199e+01 1.022916196583389734e+02 1.040157903358454661e+02 1.053780924897954066e+02 1.064492946230430164e+02 1.072917441382613362e+02 1.080732283971172762e+02 1.086105418331797381e+02 1.091821940933232611e+02 1.096155768279920011e+02
