4.130586591622940276e-07
4.821175637956784838e-06
2.703651836295000986e-05
1.055822888590490457e-04
3.081826945718507162e-04
7.156149811707575390e-04
1.563413022556473441e-03
2.675629560748672003e-03
4.739051274495456947e-03
7.309827657968013051e-03
1.042139066103893626e-02
1.348604567913890863e-02
1.671487864463709269e-02
2.145258512669981008e-02
2.493159401204288889e-02
2.877804877965815800e-02
3.151434790296170352e-02
3.479008885343080892e-02
3.676804221970451231e-02
3.944961536054199247e-02
4.115393881448534130e-02
4.288171626091415167e-02
4.241263641120497641e-02
4.225627646130191567e-02
4.161520066669936735e-02
4.111484882700958132e-02
4.047377303240703300e-02
3.951215934050321399e-02
3.775310990409379286e-02
3.750293398424889985e-02
3.450082294611014899e-02
3.350011926673057000e-02
3.109217603822344439e-02
2.953639453668800013e-02
2.711281531319057608e-02
2.626847158371405089e-02
2.328981453806075810e-02
2.241419881860362562e-02
2.109295724192277247e-02
1.955281173537762665e-02
1.727777446428802391e-02
nan
nan
nan
nan
1.153050851957922174e-02
nan
nan
nan
nan
7.248464048363018053e-03
nan
nan
nan
nan
4.951958682738930723e-03
nan
nan
nan
nan
3.056331733543491812e-03
nan
nan
nan
nan
1.821323843830756047e-03
nan
nan
nan
nan
1.203957221570996867e-03
nan
nan
nan
nan
7.869877698801120867e-04
nan
nan
nan
nan
4.784679580419821704e-04
nan
nan
nan
nan
2.959769319641594775e-04
nan
nan
nan
nan
2.188450579048102423e-04
nan
nan
nan
nan
1.225030247899151997e-04
nan
nan
nan
nan
7.757029670860709678e-05
nan
nan
nan
nan
5.321988710580932924e-05
nan
nan
nan
nan
5.805807705959938904e-06
7.691955760913677493e-05
