1.000000000000000167e-06
3.500000000000000371e-06
6.500000000000000447e-06
1.100000000000000141e-05
1.900000000000000443e-05
4.450000000000000423e-05
9.850000000000000899e-05
1.530000000000000327e-04
2.805000000000000418e-04
4.690000000000000700e-04
7.175000000000001472e-04
1.029000000000000184e-03
1.474500000000000116e-03
2.047000000000000642e-03
2.784500000000000516e-03
3.606500000000000331e-03
4.670000000000000540e-03
5.720000000000001125e-03
7.079500000000000723e-03
8.400500000000001716e-03
9.891000000000002221e-03
1.131450000000000164e-02
1.312850000000000128e-02
1.443050000000000235e-02
1.607750000000000498e-02
1.765950000000000505e-02
1.904550000000000340e-02
2.023650000000000448e-02
2.162900000000000239e-02
2.278250000000000414e-02
2.361900000000000457e-02
2.439150000000000346e-02
2.520200000000000218e-02
2.551850000000000299e-02
2.570800000000000515e-02
2.598850000000000465e-02
2.606350000000000333e-02
2.606850000000000486e-02
2.580450000000000452e-02
2.574150000000000396e-02
2.536350000000000410e-02
2.487850000000000478e-02
2.422050000000000244e-02
2.361850000000000407e-02
2.304400000000000198e-02
2.212350000000000427e-02
2.143150000000000263e-02
2.062200000000000491e-02
1.980750000000000219e-02
1.926450000000000384e-02
1.823200000000000515e-02
1.761150000000000215e-02
1.666250000000000370e-02
1.592300000000000312e-02
1.506100000000000147e-02
1.430000000000000195e-02
1.349550000000000229e-02
1.272850000000000197e-02
1.205450000000000098e-02
1.135650000000000201e-02
1.082500000000000129e-02
1.011300000000000220e-02
9.577000000000002178e-03
9.078500000000001499e-03
8.460500000000001006e-03
7.873000000000001525e-03
7.445500000000000729e-03
6.936000000000001192e-03
6.630000000000000476e-03
6.225000000000000498e-03
5.720000000000001125e-03
5.336500000000000965e-03
5.052000000000000934e-03
4.730000000000000697e-03
4.425500000000000614e-03
4.174500000000001126e-03
3.908000000000000883e-03
3.578000000000000451e-03
3.349500000000000480e-03
3.189500000000000494e-03
2.879000000000000482e-03
2.731000000000000354e-03
2.453000000000000319e-03
2.416000000000000612e-03
2.151500000000000634e-03
2.083000000000000650e-03
1.900000000000000213e-03
1.837500000000000158e-03
1.643500000000000212e-03
1.541000000000000269e-03
1.413000000000000193e-03
1.301500000000000139e-03
1.280500000000000171e-03
1.162000000000000272e-03
1.076500000000000200e-03
1.011500000000000246e-03
9.305000000000001204e-04
8.940000000000001548e-04
8.270000000000001525e-04
7.580000000000001016e-04
7.475000000000001175e-04
6.650000000000001179e-04
5.755000000000000566e-04
5.825000000000001184e-04
5.495000000000000752e-04
5.085000000000000544e-04
4.575000000000000616e-04
4.120000000000000398e-04
3.755000000000000742e-04
3.740000000000000377e-04
3.355000000000000777e-04
3.115000000000000364e-04
2.910000000000000802e-04
2.720000000000000521e-04
2.755000000000000287e-04
2.615000000000000679e-04
2.100000000000000358e-04
2.065000000000000321e-04
1.830000000000000300e-04
1.795000000000000263e-04
1.695000000000000272e-04
1.625000000000000196e-04
1.355000000000000139e-04
1.500000000000000140e-04
1.305000000000000279e-04
1.110000000000000147e-04
1.200000000000000166e-04
1.150000000000000170e-04
1.070000000000000123e-04
8.450000000000000751e-05
8.250000000000001310e-05
7.450000000000000838e-05
7.800000000000001214e-05
7.200000000000001538e-05
6.400000000000001066e-05
6.400000000000001066e-05
5.300000000000000755e-05
5.900000000000000432e-05
4.600000000000000681e-05
4.500000000000000961e-05
4.050000000000000865e-05
4.150000000000000585e-05
3.850000000000000747e-05
3.400000000000000651e-05
3.300000000000000931e-05
3.500000000000000371e-05
2.800000000000000297e-05
3.300000000000000931e-05
2.800000000000000297e-05
2.250000000000000481e-05
2.050000000000000363e-05
2.100000000000000223e-05
2.550000000000000319e-05
1.750000000000000186e-05
1.600000000000000266e-05
1.950000000000000304e-05
1.300000000000000089e-05
1.400000000000000148e-05
1.050000000000000111e-05
8.000000000000001332e-06
6.500000000000000447e-06
1.100000000000000141e-05
8.500000000000001627e-06
1.200000000000000200e-05
9.000000000000001922e-06
5.500000000000000704e-06
7.000000000000000742e-06
6.000000000000000999e-06
8.000000000000001332e-06
3.500000000000000371e-06
8.500000000000001627e-06
4.000000000000000666e-06
4.500000000000000961e-06
5.500000000000000704e-06
5.000000000000001256e-06
4.500000000000000961e-06
4.500000000000000961e-06
5.000000000000001256e-06
6.500000000000000447e-06
5.000000000000000833e-07
2.500000000000000628e-06
2.500000000000000628e-06
3.000000000000000500e-06
1.500000000000000250e-06
2.000000000000000333e-06
2.500000000000000628e-06
2.000000000000000333e-06
2.500000000000000628e-06
3.000000000000000500e-06
5.000000000000000833e-07
2.500000000000000628e-06
2.500000000000000628e-06
2.000000000000000333e-06
5.000000000000000833e-07
2.000000000000000333e-06
1.500000000000000250e-06
1.000000000000000167e-06
5.000000000000000833e-07
1.500000000000000250e-06
5.000000000000000833e-07
5.000000000000000833e-07
5.000000000000000833e-07
1.000000000000000167e-06
5.000000000000000833e-07
5.000000000000000833e-07
1.500000000000000250e-06
5.000000000000000833e-07
1.000000000000000167e-06
5.000000000000000833e-07
5.000000000000000833e-07
5.000000000000000833e-07
1.000000000000000167e-06
1.000000000000000167e-06
