3.779563465681882787e-12
1.042774651146488787e-10
1.009692441260268773e-09
6.884034045121084337e-09
3.451005031441670968e-08
1.466310778835258523e-07
5.416928076661742541e-07
1.634626953631741767e-06
4.444143205779323955e-06
1.147555813036451579e-05
2.592670769905739873e-05
5.447424778021146965e-05
1.002186156931322148e-04
1.786256259696099324e-04
3.348066958572660070e-04
5.041394934833677956e-04
7.071910555499161472e-04
1.169717359809782902e-03
1.576460374198819731e-03
2.394011615374446855e-03
3.088539655488190590e-03
3.595339874921825874e-03
4.655548929955521248e-03
5.702299760031174364e-03
7.057592858591030423e-03
8.374505093381447510e-03
9.860392819312646315e-03
1.127948787322949516e-02
1.308787454537924111e-02
1.438584557467305174e-02
1.602774901956315057e-02
1.760485360354379844e-02
1.898656469924366041e-02
2.017387921221518512e-02
2.156207019400598751e-02
2.271200074876052882e-02
2.354591224338746513e-02
2.431602178265740780e-02
2.512401373292056511e-02
2.543953434027193886e-02
2.562844794246178781e-02
2.590807994992485458e-02
2.598284786635882831e-02
2.598783239412109577e-02
2.572464932827350087e-02
2.566184427846895932e-02
2.528501397964172739e-02
2.480151478670201970e-02
2.414555093318794185e-02
2.354541379061123735e-02
2.297269155072698479e-02
2.205503998969400234e-02
2.136518134739651825e-02
2.055818630268581651e-02
1.974620673021284384e-02
1.920488701523086553e-02
1.817558203232314332e-02
1.755700213702605234e-02
1.661093876774815542e-02
1.587372711170915648e-02
1.674729520433371893e-02
1.562348348223279587e-02
1.457508410411469980e-02
1.359703659453402776e-02
1.268462005655968117e-02
1.183343038467347431e-02
1.103935900677598288e-02
1.029857305269039208e-02
9.607496853440542287e-03
8.962794682002717811e-03
8.361354652223335765e-03
7.800273698184851008e-03
7.276843561517334219e-03
6.788537719018561574e-03
6.332999187484039325e-03
5.908029146882582891e-03
5.511576326963194168e-03
5.141727106063786676e-03
4.796696274330233475e-03
4.474818416761017388e-03
4.174539874484661447e-03
3.894411245468222971e-03
3.633080388458768961e-03
3.389285896388882086e-03
3.161851007743250730e-03
2.949677926497331487e-03
2.751742523211295633e-03
2.567089391702143206e-03
2.394827237433240150e-03
2.234124575361719298e-03
2.084205716477835393e-03
1.944347023663877631e-03
1.813873418800205370e-03
1.692155124258681344e-03
1.578604623055180527e-03
1.472673822988250980e-03
1.373851411075603397e-03
1.281660385518704637e-03
1.195655753282593315e-03
1.115422382177467218e-03
1.040572997074349325e-03
9.707463105828354703e-04
9.056052791679880705e-04
8.448354762888873968e-04
7.881435747062078001e-04
7.352559306331422516e-04
6.859172628955644479e-04
6.398894207259253836e-04
5.969502342431984689e-04
5.568924420702987908e-04
5.195226909127465204e-04
4.846606022696755222e-04
4.521379017723313118e-04
4.217976069475063740e-04
3.934932694853552769e-04
3.670882683541258737e-04
3.424551503497723186e-04
3.194750148973728317e-04
2.980369401348805934e-04
2.780374475089906604e-04
2.593800022988072222e-04
2.419745476564043817e-04
2.257370699151646921e-04
2.105891930677001320e-04
1.964578004559536424e-04
1.832746818474376496e-04
1.709762041940929332e-04
1.595030044845706678e-04
1.487997032073773342e-04
1.388146370418081828e-04
1.294996094864091110e-04
1.208096582212844181e-04
1.127028380813401861e-04
1.051400185929084760e-04
9.808469509648826666e-05
9.150281254391906321e-05
8.536260111948268197e-05
7.963442289149786518e-05
7.429062875421830895e-05
6.930542496951193397e-05
6.465474866413637638e-05
6.031615168165514762e-05
5.626869222836264090e-05
5.249283379020957619e-05
4.897035083281427051e-05
4.568424082938690793e-05
4.261864219193876402e-05
3.975875770964151161e-05
3.709078312478420348e-05
3.460184050157482950e-05
3.227991606616664223e-05
3.011380221787159382e-05
2.809304343165786074e-05
2.620788579080984032e-05
2.444922990615252894e-05
2.280858699458762707e-05
2.127803790493859603e-05
1.985019489332859893e-05
1.851816596358609967e-05
1.727552160055466558e-05
1.611626373573316252e-05
1.503479679544776104e-05
1.402590069180963380e-05
1.308470562608940616e-05
1.220666858288771521e-05
1.138755140164279322e-05
1.062340031962917247e-05
9.910526887704432450e-06
9.245490166687152030e-06
8.625080118430342602e-06
8.046302111421575154e-06
7.506362466120455538e-06
7.002654970262751967e-06
6.532748299042611812e-06
6.094374279451729468e-06
5.685416942129222992e-06
5.303902307876957090e-06
4.947988859541257681e-06
4.615958653270194384e-06
4.306209026241724441e-06
4.017244860836970983e-06
3.747671367919137186e-06
3.496187354383642561e-06
3.261578942483153404e-06
3.042713710611463421e-06
2.838535227264649094e-06
2.648057951795653770e-06
2.470362477349101068e-06
2.304591093014463630e-06
2.149943643776877417e-06
2.005673668282117350e-06
1.871084795773238563e-06
1.745527384807515764e-06
1.628395387529097693e-06
1.519123424361771206e-06
1.417184055001755721e-06
1.322085232537971606e-06
1.233367928411258676e-06
1.150603916748452987e-06
1.073393707376700015e-06
1.001364617540917709e-06
9.341689730168788124e-07
8.714824299369133495e-07
8.130024092279766325e-07
7.584466361052652231e-07
7.075517775717775144e-07
6.600721713472023994e-07
6.157786400908447226e-07
5.744573851950457081e-07
5.359089548095475074e-07
4.999472811156376363e-07
4.663987822031189470e-07
