8.369999999999951967e+01 8.489999999999945146e+01 8.769999999999929230e+01 8.819999999999926388e+01 8.999999999999916156e+01 9.109999999999909903e+01 9.309999999999898534e+01 9.409999999999892850e+01 9.539999999999885461e+01 9.729999999999874660e+01 9.659999999999878639e+01 9.769999999999872387e+01 1.000999999999985874e+02 9.869999999999866702e+01 9.869999999999866702e+01 9.939999999999862723e+01 1.001999999999985818e+02 1.009999999999985363e+02 9.929999999999863292e+01 1.029999999999984226e+02 9.919999999999863860e+01 1.005999999999985590e+02
1.207666666666640793e+02 1.223666666666639884e+02 1.259666666666637838e+02 1.283999999999969930e+02 1.305333333333302051e+02 1.314999999999968168e+02 1.341666666666633319e+02 1.352333333333299379e+02 1.355333333333299208e+02 1.376999999999964643e+02 1.373999999999964814e+02 1.368333333333298469e+02 1.384999999999964189e+02 1.391666666666630476e+02 1.386999999999964075e+02 1.366666666666631897e+02 1.407333333333296252e+02 1.382666666666630988e+02 1.381666666666631045e+02 1.372666666666631556e+02 1.415333333333295798e+02 1.412666666666629283e+02
1.606777777777814151e+02 1.599222222222254004e+02 1.644555555555586750e+02 1.663111111111140303e+02 1.687111111111139508e+02 1.697666666666694653e+02 1.718555555555581122e+02 1.727444444444469127e+02 1.745555555555582430e+02 1.740111111111132516e+02 1.749111111111134562e+02 1.767444444444471969e+02 1.765000000000023590e+02 1.767666666666689252e+02 1.762555555555578337e+02 1.761777777777804772e+02 1.778888888888909889e+02 1.764000000000023931e+02 1.770555555555580725e+02 1.778444444444472765e+02 1.781111111111130754e+02 1.834444444444472992e+02
1.830777777777777544e+02 1.858481481481470894e+02 1.889888888888879990e+02 1.905777777777767312e+02 1.920592592592582832e+02 1.941222222222210405e+02 1.960629629629615636e+02 1.972777777777762367e+02 1.974296296296285789e+02 1.985148148148129508e+02 1.986148148148132861e+02 1.992037037037027858e+02 2.006481481481465607e+02 2.009148148148131270e+02 2.039592592592570099e+02 2.019555555555540423e+02 2.025111111111091873e+02 2.049629629629606882e+02 2.017370370370355204e+02 2.003333333333324902e+02 2.032962962962941447e+02 2.023481481481479136e+02
2.029296296296168407e+02 2.092753086419591853e+02 2.136012345678845179e+02 2.142419753086257117e+02 2.163160493826994752e+02 2.166802469135645595e+02 2.192333333333170344e+02 2.210209876543041787e+02 2.208567901234406747e+02 2.220209876543040082e+02 2.229111111110939589e+02 2.237172839506006028e+02 2.239962962962796951e+02 2.239864197530698959e+02 2.246407407407251924e+02 2.258370370370201670e+02 2.255234567901067351e+02 2.262370370370210821e+02 2.275345679012164624e+02 2.277111111110926629e+02 2.260716049382548078e+02 2.236814814814675287e+02
2.191930041152147908e+02 2.236687242798203670e+02 2.263222222222064772e+02 2.280691358024539284e+02 2.293925925925770173e+02 2.305995884773516309e+02 2.321913580246760489e+02 2.332942386831117005e+02 2.342098765431947811e+02 2.348604938271444951e+02 2.355794238682965727e+02 2.366884773662394537e+02 2.368226337448403456e+02 2.379189300411368038e+02 2.394687242798209752e+02 2.394271604938113285e+02 2.381917695473093488e+02 2.381020576131536757e+02 2.390045267489539640e+02 2.394839506172664017e+02 2.375020576131528003e+02 2.377456790123328005e+02
2.287359396433259349e+02 2.339842249656810793e+02 2.379984910836488154e+02 2.389113854595075281e+02 2.417097393689707019e+02 2.427148148147880420e+02 2.434550068586839586e+02 2.449002743483949871e+02 2.463075445815914293e+02 2.463524005486693227e+02 2.467201646090261420e+02 2.475219478737731720e+02 2.481126200274078997e+02 2.498497942386557042e+02 2.493540466392074961e+02 2.493300411522376123e+02 2.501314128943481307e+02 2.507615912208227371e+02 2.496799725651298161e+02 2.518888888888589008e+02 2.517769547324800499e+02 2.521347050754185091e+02
2.347467306812908987e+02 2.400359853680722892e+02 2.433362139917540219e+02 2.460985825331404158e+02 2.470591678097691215e+02 2.483627343392633975e+02 2.497642889803258583e+02 2.517538637402712993e+02 2.520432556012658836e+02 2.529016460905220924e+02 2.531640603566399932e+02 2.545042981252748291e+02 2.548198902606190472e+02 2.548304983996179089e+02 2.555462734339172641e+02 2.565816186556831440e+02 2.560192958390343279e+02 2.575917695473125946e+02 2.564574759945002143e+02 2.567818015546220067e+02 2.572668495655969991e+02 2.572792866940856698e+02
2.441423715896643785e+02 2.479996494436496448e+02 2.526967383020480327e+02 2.523259259258995826e+02 2.547067825026312562e+02 2.554953055936266537e+02 2.569670934308480810e+02 2.579265813137957366e+02 2.592460600517881062e+02 2.602683279987484752e+02 2.611511354976036614e+02 2.618007468373422739e+02 2.621202408169175442e+02 2.628331809175057856e+02 2.633733729614078243e+02 2.635190976984937947e+02 2.647399176954357927e+02 2.636552354823675728e+02 2.645342935527780810e+02 2.647766803840477792e+02 2.664869074835731340e+02 2.639592440176468813e+02
2.534495706954673437e+02 2.559776202814075248e+02 2.587628054665904074e+02 2.606420565970153120e+02 2.622061271147134107e+02 2.636813747903739795e+02 2.651687700045196152e+02 2.659955951836114991e+02 2.671225829395386313e+02 2.679861758877695479e+02 2.692123456789573197e+02 2.703900066046316510e+02 2.702230706700690916e+02 2.703767464308731974e+02 2.716478839607256646e+02 2.706828837067054678e+02 2.717658385408169579e+02 2.731133058984378863e+02 2.723613930802686127e+02 2.717973987704542083e+02 2.724931463699060146e+02 2.713493369912595767e+02
2.588635963351587179e+02 2.627876390792631014e+02 2.646693305558429756e+02 2.665260376973776033e+02 2.682219038424342443e+02 2.701081457770944780e+02 2.711151806125780581e+02 2.718882470489315892e+02 2.730863350775126719e+02 2.741164067129333262e+02 2.753443106571126577e+02 2.753150011006613909e+02 2.762769987636042401e+02 2.766578485663026754e+02 2.771364781790123288e+02 2.778067841960329929e+02 2.795313756370215970e+02 2.785151924671465622e+02 2.787690883840819538e+02 2.790704364170558733e+02 2.791869769173267173e+02 2.784108079728909502e+02
2.653319869938886768e+02 2.681554206393137179e+02 2.710059255872100721e+02 2.728140764449794347e+02 2.748105291085829549e+02 2.765025459081821282e+02 2.774436829299842771e+02 2.787716783236551237e+02 2.802587918508389748e+02 2.806495390833503052e+02 2.822265858298417811e+02 2.819498704465865444e+02 2.828875899676467611e+02 2.835748067988641310e+02 2.835482198400161451e+02 2.843584141983605491e+02 2.845696681286650573e+02 2.844853031662853482e+02 2.867531287574848307e+02 2.864001230616220823e+02 2.872265101864613257e+02 2.865046780357628791e+02
2.688904689325984805e+02 2.733409234514513741e+02 2.760665693839544019e+02 2.773891574040830506e+02 2.791767409740347716e+02 2.805581517044764723e+02 2.821043154366722092e+02 2.831116852105676003e+02 2.842488852007849687e+02 2.850011069902066083e+02 2.857457603007425746e+02 2.867399863766453336e+02 2.870688255139973535e+02 2.878955453192035634e+02 2.885279364971536893e+02 2.892132718401047669e+02 2.895717360910273328e+02 2.888962176421866275e+02 2.899686337711944475e+02 2.897520481106688521e+02 2.907834506558452858e+02 2.902072873564390534e+02
2.725052145018348710e+02 2.759300780958553787e+02 2.786988851694836171e+02 2.804294487378672329e+02 2.820007127790842674e+02 2.836544497571017018e+02 2.848671422917943232e+02 2.861160089267474405e+02 2.869813964924977086e+02 2.878708090519244820e+02 2.885049903941042544e+02 2.893907997940853534e+02 2.898727582178101443e+02 2.908469452551941572e+02 2.917624529660013195e+02 2.922314687802177104e+02 2.919142556432872766e+02 2.922273328554573482e+02 2.928876628513411333e+02 2.929094911132214634e+02 2.929697679830806578e+02 2.934006979765960068e+02
2.777722439137755828e+02 2.814492233797516292e+02 2.835589666794091386e+02 2.854070244652937731e+02 2.866693095438696446e+02 2.881589656758725368e+02 2.894747653810252359e+02 2.907277426008471934e+02 2.917020606656217296e+02 2.926743700199034492e+02 2.933499997595106947e+02 2.940624794975223608e+02 2.945684163329820535e+02 2.951979993388616208e+02 2.961511874109664859e+02 2.961029546291871384e+02 2.973768803852369729e+02 2.964149911905884096e+02 2.972017216711890342e+02 2.976935268030734392e+02 2.983779274755182200e+02 2.993850244481493519e+02
2.809278028980886575e+02 2.838838314512353236e+02 2.862708108637135069e+02 2.884045542979825427e+02 2.899223807359046532e+02 2.914387556695550074e+02 2.927659736660100407e+02 2.938428808339500051e+02 2.948425475054157232e+02 2.956661907069410518e+02 2.965966767084163962e+02 2.973726421460690403e+02 2.979623892396878659e+02 2.984026569757747325e+02 2.991937053113864522e+02 2.993863984760863559e+02 2.997957312147234461e+02 3.001843975153149700e+02 3.007840963843833606e+02 3.009778841132768434e+02 3.016385347398127692e+02 3.017266876284320460e+02
2.852594458865421529e+02 2.883500580331723313e+02 2.906452343835797478e+02 2.925944582304030632e+02 2.942400172870272854e+02 2.957821214370788994e+02 2.970170796398110724e+02 2.981873123086621149e+02 2.990496549967317605e+02 2.999177534123941768e+02 3.008132233205423631e+02 3.015049978903257966e+02 3.021323492233003094e+02 3.028510710232800989e+02 3.033794986589381324e+02 3.038206538423768279e+02 3.040809398185474492e+02 3.045209123080574614e+02 3.048744328166475270e+02 3.052235093072527548e+02 3.061947374572121703e+02 3.071572269718221833e+02
2.904929816449730424e+02 2.937547159172861484e+02 2.957418521422797539e+02 2.979499920879270007e+02 2.995451076709661606e+02 3.009527297234318439e+02 3.023201401052958204e+02 3.033588340583194167e+02 3.043965617008256572e+02 3.052475073055506982e+02 3.060601565407704925e+02 3.069665949870778832e+02 3.075673543883033290e+02 3.079308404588108488e+02 3.084960096184885856e+02 3.091021971722478270e+02 3.094615431689798584e+02 3.099013126666444577e+02 3.103576485449360689e+02 3.101055646853515100e+02 3.108882134109225035e+02 3.110802473762685167e+02
2.918907834924850704e+02 2.948905906202672895e+02 2.970023638383443085e+02 2.990995349084992654e+02 3.007841698953654372e+02 3.020946941817753668e+02 3.034198145958450255e+02 3.045893029612628879e+02 3.055362932488696401e+02 3.064475950956307315e+02 3.072737094565962366e+02 3.080082814737875196e+02 3.087768474672208185e+02 3.092758644265155681e+02 3.097477250012519221e+02 3.102604686421728388e+02 3.107897188135153215e+02 3.110301503189846244e+02 3.113453392007659204e+02 3.116059450787454352e+02 3.120274036473787191e+02 3.122381128625027031e+02
2.931310636679568233e+02 2.964786634908795122e+02 2.985580031229894757e+02 3.005143880710259623e+02 3.021649204278627963e+02 3.036303049376731451e+02 3.049240292796523022e+02 3.060116893767193460e+02 3.070146151950620492e+02 3.080380587590889263e+02 3.088100419612777046e+02 3.095422682949219961e+02 3.101551620975732249e+02 3.107423226270760779e+02 3.115471349375882824e+02 3.116258369037178113e+02 3.121959560999367227e+02 3.128687602361351310e+02 3.131750625860172477e+02 3.132892887888046971e+02 3.133975083853166552e+02 3.133847461332907187e+02
2.937302955952376351e+02 2.969909848355124495e+02 2.991390409663595733e+02 3.010841485896580139e+02 3.026936014115823923e+02 3.041758567992008579e+02 3.054658821786659360e+02 3.065520085595686055e+02 3.075438074175031034e+02 3.085888733721610606e+02 3.093284380248362027e+02 3.100966615790443370e+02 3.106777382895012920e+02 3.112546138988430471e+02 3.120604787596641359e+02 3.122895149827683099e+02 3.126038644539283382e+02 3.133304088016117817e+02 3.135862789552653567e+02 3.138283148384173273e+02 3.140557432756269236e+02 3.140621975849546175e+02
2.944036671614185252e+02 2.977066789483991442e+02 2.999404427472554175e+02 3.019030126813926813e+02 3.034712456283634197e+02 3.049467847425823379e+02 3.062490197056304737e+02 3.073539316034745639e+02 3.083466326473881054e+02 3.093006780610492115e+02 3.101165876961287609e+02 3.108655646161172967e+02 3.114771953583978643e+02 3.120041299616552237e+02 3.126988054127035070e+02 3.131053517393288530e+02 3.133716648192491334e+02 3.139475240598549703e+02 3.142484834638834172e+02 3.145799560504245846e+02 3.149426121416041724e+02 3.150196374430703941e+02
2.946207130590914289e+02 2.979381598217162832e+02 3.002085055912561415e+02 3.021280646442608600e+02 3.037401104154554901e+02 3.051867795783859378e+02 3.064935588856183699e+02 3.075980297147622196e+02 3.085982021951434717e+02 3.095468344929379896e+02 3.103618887220534361e+02 3.111043431715656880e+02 3.117139690561178895e+02 3.122919072399848801e+02 3.129201684373514922e+02 3.133294681019237942e+02 3.136679159629106834e+02 3.141711325251587255e+02 3.144695524427312421e+02 3.148873408373376606e+02 3.151420687541402117e+02 3.152940089060563764e+02
