4.686139508957564478e-12
1.292897324266890738e-10
1.251879928422348942e-09
8.535256574671866029e-09
4.278772183689878646e-08
1.818023942579983234e-07
6.716246706191083201e-07
2.026712878186494135e-06
5.510127095143395596e-06
1.422811571503495083e-05
3.214555606458843637e-05
6.754058426626740024e-05
1.242573166972584648e-04
2.214712388795535291e-04
4.151143113659063215e-04
6.250637196303950168e-04
8.768197639448759278e-04
1.450288845230232907e-03
1.954594309876553707e-03
2.968245544114846927e-03
3.829364908403308336e-03
4.457727562715253604e-03
5.772241152885016283e-03
7.070068392827044863e-03
8.750445662066268920e-03
1.038323593250762081e-02
1.222553260025389769e-02
1.398501552983244522e-02
1.622716659007514620e-02
1.783647236760326285e-02
1.987220709539804647e-02
2.182760013691070061e-02
2.354073209363417504e-02
2.501283899151127491e-02
2.673400511686295847e-02
2.815976104188499043e-02
2.919369674303880571e-02
3.014852678385329318e-02
3.115032581049425806e-02
3.154152802139106870e-02
3.177575493755203928e-02
3.212246021450797934e-02
3.221516216021812207e-02
3.222134228993213390e-02
3.189503144103242316e-02
3.181716180663590049e-02
3.134994400025677141e-02
3.075047141799783570e-02
2.993716634763416221e-02
2.919307873006740314e-02
2.848298182592769179e-02
2.734521994557851873e-02
2.648988999315957799e-02
2.548932699246141825e-02
2.448258386204924322e-02
2.381142177510779667e-02
2.253522498916480515e-02
2.176827089165620302e-02
2.059528227193717365e-02
1.968124108723514482e-02
1.861578672453972211e-02
nan
nan
nan
nan
1.391394869032931865e-02
nan
nan
nan
nan
1.125472252701477729e-02
nan
nan
nan
nan
7.535888059692156735e-03
nan
nan
nan
nan
5.447172121310651753e-03
nan
nan
nan
nan
3.752040060974639723e-03
nan
nan
nan
nan
2.629941023228757682e-03
nan
nan
nan
nan
2.049887408316513216e-03
nan
nan
nan
nan
1.232017659789451771e-03
nan
nan
nan
nan
9.024695449280176760e-04
nan
nan
nan
nan
6.621757106298984405e-04
nan
nan
nan
nan
4.684305994893634101e-04
nan
nan
nan
nan
3.517993271717559660e-04
nan
nan
nan
nan
2.163639133609087577e-04
nan
nan
nan
nan
1.547138200702902200e-04
nan
nan
nan
nan
1.052847891593464624e-04
nan
nan
nan
nan
8.616860174800433625e-05
nan
nan
nan
nan
5.339000799685262612e-05
nan
nan
nan
nan
3.645513631318812270e-05
nan
nan
nan
nan
2.743434024032134178e-05
nan
nan
nan
nan
1.994349616672900526e-05
nan
nan
nan
nan
1.435848362170537137e-05
nan
nan
nan
nan
8.558939241010909635e-06
nan
nan
nan
nan
7.605706571641267566e-06
nan
nan
nan
nan
5.030098551135797019e-06
nan
nan
nan
nan
3.247549955471843391e-06
nan
nan
nan
nan
2.085282070144542930e-06
nan
nan
nan
nan
2.263202484490888946e-06
nan
nan
nan
nan
1.253051173633158750e-06
nan
nan
nan
nan
9.787544488676071537e-07
nan
nan
nan
nan
1.258450453656320989e-07
2.737728446850248832e-06
