6.049999999999999606e-04
3.435000000000000119e-03
1.047000000000000014e-02
2.222500000000000170e-02
3.667000000000000121e-02
4.972499999999999837e-02
6.300500000000000544e-02
7.078500000000000070e-02
7.509499999999999509e-02
7.611500000000000210e-02
7.427999999999999881e-02
6.788500000000000090e-02
6.518999999999999795e-02
5.671000000000000346e-02
5.011000000000000176e-02
4.454999999999999932e-02
3.781000000000000333e-02
3.213499999999999690e-02
2.732000000000000053e-02
2.360999999999999904e-02
1.900500000000000106e-02
1.646500000000000047e-02
1.344000000000000056e-02
1.117499999999999917e-02
9.344999999999999141e-03
7.604999999999999781e-03
6.235000000000000091e-03
5.199999999999999761e-03
4.230000000000000253e-03
3.749999999999999861e-03
2.880000000000000181e-03
2.370000000000000145e-03
1.874999999999999931e-03
1.534999999999999906e-03
1.275000000000000092e-03
1.110000000000000092e-03
8.750000000000000182e-04
6.849999999999999535e-04
6.149999999999999868e-04
4.800000000000000122e-04
3.699999999999999947e-04
2.649999999999999903e-04
2.900000000000000017e-04
2.550000000000000183e-04
1.800000000000000113e-04
1.100000000000000039e-04
1.550000000000000000e-04
1.200000000000000030e-04
7.499999999999999343e-05
8.500000000000000611e-05
3.000000000000000076e-05
2.000000000000000164e-05
3.000000000000000076e-05
2.000000000000000164e-05
4.500000000000000283e-05
1.500000000000000038e-05
1.500000000000000038e-05
5.000000000000000409e-06
1.000000000000000082e-05
5.000000000000000409e-06
1.000000000000000082e-05
5.000000000000000409e-06
5.000000000000000409e-06
