5.068633222715807074e-04
3.283810011030965925e-03
9.987569808880164199e-03
2.154398785038951977e-02
3.528797180441991393e-02
4.963827645088236817e-02
6.141859696972695043e-02
6.928922239797698224e-02
7.591908491305823792e-02
7.538832038664411428e-02
7.328672040176267832e-02
6.914549247216265904e-02
6.450947815914397088e-02
5.802867103741304183e-02
5.044822055104419833e-02
4.485069298641037455e-02
3.806520093863471205e-02
3.235189717437255558e-02
2.750439803341709136e-02
2.376935715845451824e-02
1.913327542551580482e-02
1.657613153807512354e-02
1.353071411307195208e-02
1.125042635517701367e-02
1.020370678267153684e-02
8.321975797249548182e-03
6.787266886933701095e-03
5.535583486038501283e-03
4.514731045848949763e-03
3.682140549006361185e-03
3.003093403560079533e-03
2.449273695687622602e-03
1.997587430772459257e-03
1.629199525804665444e-03
1.328748396186966952e-03
1.083705385623296444e-03
8.838523276484055525e-04
7.208554533852371861e-04
5.879178777045036700e-04
4.794961726395485899e-04
3.910692093148681377e-04
3.189496292165860730e-04
2.601300832546267353e-04
2.121578268652218630e-04
1.730324418345520108e-04
1.411224198966170781e-04
1.150971296846155847e-04
9.387133009299222937e-05
7.655991628612558394e-05
6.244101128568251967e-05
5.092586407497545466e-05
4.153429898688311579e-05
3.387469262754238473e-05
2.762764338391417377e-05
2.253265254215576117e-05
1.837726162634381971e-05
1.498819299020611796e-05
1.222412422913072609e-05
9.969795109181198742e-06
