9.149999999999907629e+01 8.989999999999916724e+01 9.209999999999904219e+01 9.189999999999905356e+01 9.369999999999895124e+01 9.379999999999894555e+01 9.439999999999891145e+01 9.429999999999891713e+01 9.369999999999895124e+01 9.329999999999897398e+01 9.469999999999889440e+01 9.449999999999890576e+01 9.429999999999891713e+01 9.369999999999895124e+01 9.419999999999892282e+01
1.752999999999943270e+02 1.752999999999943270e+02 1.764999999999942588e+02 1.772333333333275505e+02 1.779666666666608421e+02 1.783999999999941508e+02 1.785333333333274766e+02 1.786999999999941338e+02 1.787666666666607966e+02 1.786999999999941338e+02 1.784333333333274823e+02 1.778333333333275164e+02 1.786999999999941338e+02 1.780333333333275050e+02 1.782666666666608251e+02
2.092111111111107391e+02 2.100111111111108642e+02 2.132111111111111086e+02 2.119888888888885390e+02 2.136111111111108585e+02 2.138222222222219102e+02 2.143555555555552985e+02 2.142555555555552473e+02 2.148111111111108755e+02 2.145666666666664071e+02 2.138111111111107903e+02 2.140555555555554008e+02 2.142999999999996987e+02 2.137222222222219727e+02 2.142666666666664526e+02
2.301592592592554638e+02 2.308703703703667145e+02 2.339222222222188350e+02 2.338555555555516321e+02 2.352111111111073285e+02 2.358370370370331273e+02 2.358074074074036446e+02 2.363888888888849635e+02 2.363222222222184712e+02 2.364629629629591250e+02 2.363296296296256287e+02 2.365740740740702392e+02 2.362259259259220414e+02 2.361518518518479368e+02 2.358074074074036730e+02
2.528358024691174251e+02 2.540999999999814065e+02 2.561839506172665324e+02 2.572234567901062405e+02 2.578283950617126834e+02 2.579802469135649403e+02 2.584246913580098521e+02 2.586506172839361852e+02 2.584061728394916599e+02 2.586259259259115879e+02 2.585320987654174587e+02 2.584012345678868314e+02 2.583493827160346541e+02 2.581370370370220826e+02 2.580493827160343017e+02
2.722465020575612016e+02 2.742481481480917296e+02 2.754234567900659840e+02 2.762522633744287646e+02 2.770810699587919430e+02 2.774831275719605514e+02 2.775851851851304559e+02 2.777189300410981332e+02 2.776193415637314956e+02 2.778522633744312316e+02 2.776004115225794067e+02 2.777592592592045548e+02 2.775362139917148738e+02 2.777057613168167336e+02 2.773283950616731772e+02
2.799282578874823457e+02 2.821581618655305306e+02 2.831754458161464072e+02 2.840218106995490075e+02 2.846311385459144390e+02 2.849190672153242190e+02 2.850386831275339432e+02 2.853392318243799082e+02 2.853537722907720990e+02 2.854111111110736374e+02 2.854314128943390187e+02 2.852478737996876816e+02 2.850160493826780908e+02 2.849924554183419332e+02 2.849048010973554028e+02
2.853537722907866510e+02 2.878529035207787388e+02 2.887472793781158771e+02 2.893302697759211810e+02 2.900390946501789244e+02 2.902626428897760320e+02 2.905168724279577077e+02 2.907647462276842134e+02 2.907968449931162240e+02 2.907605395518720570e+02 2.907691358024442252e+02 2.908255601280037581e+02 2.905527663465679211e+02 2.904882030178055174e+02 2.904473708275918398e+02
2.927321597317061901e+02 2.948215973174378064e+02 2.963051516536638132e+02 2.967905959456928144e+02 2.974135802468674115e+02 2.976761469287750401e+02 2.978991617131082990e+02 2.979480414570511471e+02 2.979879439109452619e+02 2.981662399024089609e+02 2.980109586952769405e+02 2.979425240054428059e+02 2.977399634201659069e+02 2.977222222221761285e+02 2.976033531473414087e+02
2.988294416500969533e+02 3.009032718589043611e+02 3.021267032463935607e+02 3.029112889294698903e+02 3.035290707716697511e+02 3.036017477009995105e+02 3.039418178122643326e+02 3.040401209164671741e+02 3.041970786972928522e+02 3.040736320682218548e+02 3.041758725803392736e+02 3.040424071533209371e+02 3.039204846821524484e+02 3.037908906162058429e+02 3.037188436721437483e+02
3.043717946111219703e+02 3.067993920302075708e+02 3.076881318903257352e+02 3.085386153870813359e+02 3.090714237326947682e+02 3.092915036663071078e+02 3.096437128485128483e+02 3.097212061168169726e+02 3.098261393078958577e+02 3.098639689070399186e+02 3.097355670712798883e+02 3.096992142117888989e+02 3.095998357295106871e+02 3.095621517721167493e+02 3.093635116596707917e+02
3.080192964034889087e+02 3.104827329844012525e+02 3.116431568132060193e+02 3.123121322968390814e+02 3.128854042122569012e+02 3.131783185715171385e+02 3.134033565343376608e+02 3.134588838647479747e+02 3.135557243418659823e+02 3.136421102247753083e+02 3.135090839810376337e+02 3.134461407756751896e+02 3.133687282312907882e+02 3.133067661320142179e+02 3.132133313010596680e+02
3.136217666682672416e+02 3.157399141201906332e+02 3.169196063155684442e+02 3.176510113068981696e+02 3.182057855904058670e+02 3.185803978239358116e+02 3.187275915858012354e+02 3.188008458134587499e+02 3.189131009838351929e+02 3.188700034433736619e+02 3.188888119282315756e+02 3.188505322320826281e+02 3.187237926692712335e+02 3.185901522463429387e+02 3.184982588847142324e+02
3.173798688848123675e+02 3.192750171075888375e+02 3.204865663357019230e+02 3.212148883883798476e+02 3.217460268088904058e+02 3.221031690567268129e+02 3.223171598227145864e+02 3.224582387007117177e+02 3.224754365959909705e+02 3.224939978285654547e+02 3.224573134176909548e+02 3.224411281152132460e+02 3.223220958990313534e+02 3.222567939495513087e+02 3.221052971073211211e+02
3.186472992193714617e+02 3.206359632479140487e+02 3.218214787718578123e+02 3.225624751278813278e+02 3.230583310282676734e+02 3.233829311458924280e+02 3.236161046412681230e+02 3.237667748839592150e+02 3.238521399783134029e+02 3.238522035789781057e+02 3.238117511319738355e+02 3.237733001614565751e+02 3.236494722629277021e+02 3.235478601471062348e+02 3.234227395577844391e+02
3.197347772830057693e+02 3.218077083013595825e+02 3.230069257748661471e+02 3.237205182317640606e+02 3.242380688856248412e+02 3.245382338598626006e+02 3.247428616269824602e+02 3.248912482114130853e+02 3.249910003528082143e+02 3.249908355876468704e+02 3.249312004112546788e+02 3.248961749281281186e+02 3.247917581248132137e+02 3.246851219608187193e+02 3.245618282981052971e+02
3.238683509783347745e+02 3.257671149933569836e+02 3.268576303336653268e+02 3.276608944382575714e+02 3.281466261203558474e+02 3.284536420693750074e+02 3.286871961744607802e+02 3.288206628582563553e+02 3.289026024652198430e+02 3.288928463353645384e+02 3.288615285214021355e+02 3.287987946513819111e+02 3.287528394995349572e+02 3.286341760687020042e+02 3.284939833348611273e+02
3.244190678549394988e+02 3.262875860849952119e+02 3.273999230486854231e+02 3.281686785395575043e+02 3.286621239117814639e+02 3.290033439867526681e+02 3.292162944195290493e+02 3.293368711211409163e+02 3.294282498489160957e+02 3.294212341089738629e+02 3.293929611726926510e+02 3.293347946191942128e+02 3.292653939092020892e+02 3.291595189646301378e+02 3.290195292226346737e+02
