5.246024384957169396e-04
3.398736234500038603e-03
1.033711307597312209e-02
2.229798066781549237e-02
3.652297423140010713e-02
5.137550839574225869e-02
6.356811456568667307e-02
7.171419480215333875e-02
7.857608811634232693e-02
7.802674798343232909e-02
7.585159656022354147e-02
7.156543464087539164e-02
6.676716988853347023e-02
6.005954858296424365e-02
5.221379878157225013e-02
4.642036990059966034e-02
3.939740035783778627e-02
3.348414336152120974e-02
2.846699227125438006e-02
2.460123307190028794e-02
1.980289854008746367e-02
1.715626016640568741e-02
1.400425974105632895e-02
1.164416686058812947e-02
9.737336851202994456e-03
nan
nan
5.566727994210599745e-03
nan
nan
3.183480351896481823e-03
nan
nan
1.659492486952547554e-03
nan
nan
9.014366191278409346e-04
nan
nan
5.572050080089534880e-04
nan
nan
2.896915378465412996e-04
nan
nan
1.405553608554055596e-04
nan
nan
8.141554099949682060e-05
nan
nan
4.778332908250454598e-05
nan
nan
3.052595979267696597e-05
nan
nan
3.606266560665870732e-06
2.340945650209765448e-05
