3.699999999999999947e-04
2.459999999999999947e-03
8.040000000000000271e-03
1.701000000000000081e-02
2.895000000000000004e-02
4.064999999999999863e-02
5.240999999999999825e-02
6.278999999999999859e-02
6.682000000000000439e-02
6.947000000000000397e-02
6.922000000000000375e-02
6.690000000000000113e-02
6.432999999999999829e-02
5.707999999999999879e-02
5.236999999999999988e-02
4.832000000000000184e-02
4.225000000000000283e-02
3.755000000000000004e-02
3.221000000000000252e-02
2.811999999999999916e-02
2.368999999999999925e-02
2.045999999999999902e-02
1.703999999999999959e-02
1.430999999999999980e-02
1.315000000000000023e-02
1.051000000000000024e-02
8.850000000000000228e-03
7.210000000000000263e-03
6.239999999999999887e-03
5.290000000000000431e-03
4.649999999999999620e-03
3.530000000000000152e-03
2.939999999999999905e-03
2.560000000000000209e-03
2.040000000000000147e-03
1.920000000000000049e-03
1.389999999999999960e-03
1.240000000000000000e-03
1.069999999999999988e-03
1.020000000000000073e-03
6.400000000000000524e-04
5.500000000000000331e-04
4.499999999999999877e-04
2.799999999999999755e-04
2.500000000000000052e-04
2.900000000000000017e-04
2.300000000000000070e-04
2.000000000000000096e-04
1.399999999999999877e-04
6.999999999999999387e-05
1.000000000000000048e-04
9.000000000000000567e-05
6.000000000000000152e-05
3.000000000000000076e-05
1.000000000000000082e-05
1.000000000000000082e-05
4.000000000000000327e-05
1.000000000000000082e-05
1.000000000000000082e-05
2.000000000000000164e-05
2.000000000000000164e-05
1.000000000000000082e-05
1.000000000000000082e-05
1.000000000000000082e-05
1.000000000000000082e-05
1.000000000000000082e-05
1.000000000000000082e-05
1.000000000000000082e-05
