5.134118853434716792e-04
2.726069348844731115e-03
8.323035122227238208e-03
1.722985677961912099e-02
2.886464071262996242e-02
4.091199360809716357e-02
5.322655958273336818e-02
6.035267485235430024e-02
6.530612106293741392e-02
6.923395075280040778e-02
6.867957320262192689e-02
6.555619519806316076e-02
6.373018283421794106e-02
5.799420012789771595e-02
5.216055912604224826e-02
4.812675610025524825e-02
4.208103156531010913e-02
3.739982805390282966e-02
3.208118406434647824e-02
2.800754100867503329e-02
2.359525769898689757e-02
2.037817528582827609e-02
1.697185273071915093e-02
1.425277069111450037e-02
1.447328486083689254e-02
1.193320048541782544e-02
9.838904933772036135e-03
8.112161562532756165e-03
6.688464382936644935e-03
5.514628309232646151e-03
4.546802322304924898e-03
3.748831326221174851e-03
3.090905501546614698e-03
2.548446699286751119e-03
2.101190274453814885e-03
1.732428059293902520e-03
1.428384195909626619e-03
1.177700511244293919e-03
9.710122095699976873e-04
8.005980316148712242e-04
6.600918113166128701e-04
5.442446548217984986e-04
4.487288574468094272e-04
3.699762335221267622e-04
3.050448196045529837e-04
2.515089714864331876e-04
2.073687493535100539e-04
1.709752059908471776e-04
1.409687870267216218e-04
1.162285420311119286e-04
9.583024914669380429e-05
7.901188891330320114e-05
6.514517749079178565e-05
5.371209584627740396e-05
4.428553810613965088e-05
3.651335615283519086e-05
