1.043999999999983430e+02 1.048999999999983146e+02 1.050999999999983032e+02 1.067999999999982066e+02 1.055999999999982748e+02 1.070999999999981895e+02 1.075999999999981611e+02 1.065999999999982180e+02 1.072999999999981782e+02 1.077999999999981497e+02 1.076999999999981554e+02 1.067999999999982066e+02 1.078999999999981441e+02 1.072999999999981782e+02 1.070999999999981895e+02
1.604666666666618369e+02 1.612999999999951228e+02 1.631666666666616834e+02 1.639333333333283065e+02 1.647333333333282610e+02 1.646999999999949296e+02 1.647999999999949239e+02 1.653999999999948898e+02 1.653666666666615583e+02 1.654666666666615527e+02 1.655666666666615470e+02 1.659333333333281928e+02 1.655666666666615470e+02 1.654999999999948841e+02 1.647666666666615924e+02
1.850888888888879080e+02 1.851666666666655203e+02 1.868111111111098239e+02 1.876222222222208984e+02 1.885999999999986585e+02 1.885666666666653271e+02 1.887111111111097728e+02 1.885555555555540650e+02 1.890555555555541503e+02 1.890666666666652418e+02 1.892111111111096875e+02 1.889555555555540138e+02 1.890333333333318819e+02 1.888333333333318649e+02 1.889444444444431497e+02
2.081407407407359926e+02 2.096703703703652195e+02 2.106925925925874026e+02 2.116222222222169762e+02 2.123925925925873628e+02 2.119740740740689091e+02 2.124148148148096027e+02 2.124370370370316436e+02 2.125518518518466067e+02 2.128296296296243213e+02 2.127962962962910183e+02 2.127777777777723429e+02 2.125296296296243383e+02 2.123592592592539461e+02 2.125888888888837300e+02
2.232320987654176463e+02 2.260851851851694789e+02 2.263172839506020466e+02 2.271086419752934376e+02 2.278197530864046030e+02 2.279148148147993993e+02 2.284740740740585352e+02 2.282197530864042108e+02 2.285320987654165776e+02 2.286518518518363692e+02 2.286185185185030662e+02 2.284419753086264677e+02 2.284901234567745689e+02 2.284185185185028786e+02 2.284901234567747395e+02
2.349259259259123667e+02 2.381345679012197820e+02 2.391304526748828607e+02 2.393687242798211230e+02 2.397374485596565421e+02 2.401617283950472483e+02 2.408263374485450754e+02 2.407432098765286241e+02 2.408843621399031178e+02 2.410567901234422550e+02 2.409971193415492792e+02 2.409654320987508811e+02 2.408818930041006183e+02 2.406390946501910548e+02 2.407238683127427521e+02
2.452150891632134346e+02 2.476950617283706890e+02 2.486646090534741234e+02 2.492540466392076439e+02 2.499651577503184399e+02 2.503894375857091461e+02 2.505887517146532559e+02 2.508743484224718259e+02 2.508486968449685719e+02 2.510825788751468792e+02 2.507331961590978153e+02 2.507541838134187060e+02 2.509252400548450055e+02 2.508229080932535453e+02 2.506091906721292730e+02
2.535903978052074592e+02 2.555260631001303011e+02 2.567472793781378186e+02 2.575357110196559347e+02 2.581122085047948076e+02 2.583374942844008615e+02 2.588996799268346081e+02 2.589921353452151607e+02 2.591654778234965306e+02 2.591828074988503658e+02 2.591670324645579058e+02 2.591353452217593372e+02 2.590605852766281600e+02 2.589406950159968801e+02 2.589376771833504449e+02
2.621237311385184512e+02 2.637589544276502806e+02 2.653274348422214075e+02 2.661821978356674094e+02 2.665206828227121036e+02 2.668708276177118250e+02 2.671130620331992986e+02 2.672367322054282681e+02 2.674764060356375239e+02 2.673805822282908480e+02 2.673491998170741795e+02 2.673019051973514024e+02 2.672505563176065380e+02 2.671696844992857791e+02 2.671276482243288228e+02
2.657342376669853365e+02 2.672393994817487624e+02 2.687818676014462085e+02 2.695299801859101194e+02 2.699465020575758558e+02 2.702992480820629453e+02 2.705544886449872592e+02 2.708134227505593685e+02 2.709126301884507484e+02 2.708168063811040724e+02 2.708608596250210780e+02 2.708733932835077667e+02 2.707205964537555474e+02 2.706085098815863716e+02 2.705222527053441581e+02
2.702465037510238517e+02 2.722094819555590561e+02 2.734155243948939074e+02 2.741254856135435034e+02 2.746807397245340212e+02 2.751184592456075393e+02 2.752505749461311098e+02 2.754748259918720237e+02 2.755722992767718438e+02 2.756117394027668297e+02 2.756315145048019986e+02 2.755729478906347367e+02 2.755640857591819781e+02 2.755178970006920736e+02 2.753223881859815947e+02
2.753414452403934547e+02 2.769136609708177161e+02 2.783682653389509483e+02 2.791441243712819755e+02 2.796820369523563272e+02 2.799278435423576070e+02 2.801038911186687983e+02 2.803003957165438464e+02 2.804487374891977538e+02 2.804153431895448421e+02 2.804478354135185327e+02 2.803881126973568598e+02 2.803434114040773579e+02 2.802197638119619114e+02 2.801040260348657966e+02
2.809469984438234746e+02 2.827381028185175182e+02 2.839861502969877165e+02 2.846063209274085466e+02 2.850571404915727385e+02 2.855095039712370522e+02 2.856755319969302604e+02 2.858396657389625943e+02 2.858924364134142024e+02 2.859399692533680764e+02 2.859208222549260086e+02 2.858896167212924411e+02 2.858688082025635140e+02 2.857867802822458430e+02 2.857303890741947043e+02
2.829981802934882467e+02 2.847368747111016773e+02 2.859253187089703943e+02 2.866400327913797810e+02 2.871386379046468846e+02 2.874630594302614668e+02 2.877256862003777655e+02 2.878286749924827177e+02 2.879276897467113372e+02 2.879926925723587487e+02 2.879843358591979836e+02 2.879479920944780815e+02 2.878711768569081073e+02 2.878215197924343443e+02 2.877019283420212901e+02
2.847122941837946541e+02 2.864362590056280737e+02 2.875195405406022928e+02 2.882757030204391526e+02 2.888054800689616286e+02 2.891326419844887710e+02 2.893815668050422687e+02 2.894941469618411816e+02 2.895935042648088711e+02 2.896975576467102655e+02 2.896237741243871255e+02 2.896388126705277273e+02 2.895935119169521954e+02 2.894452008156262650e+02 2.893598642391202134e+02
2.857118514044009885e+02 2.873552030896399287e+02 2.884974030077341922e+02 2.892455726836594181e+02 2.897584506610544395e+02 2.901031967451871765e+02 2.903420734693946201e+02 2.904708675998428475e+02 2.905503570759444756e+02 2.906263214612421280e+02 2.906089442979525188e+02 2.905557014621051621e+02 2.905158814883547507e+02 2.904319695499739851e+02 2.903231112933851250e+02
2.866795135313028027e+02 2.883855896967625654e+02 2.895142399091780590e+02 2.902360713931659006e+02 2.907628035640077542e+02 2.911057227215321177e+02 2.913558654931578644e+02 2.915001884997772663e+02 2.915741971960537740e+02 2.916382865583969988e+02 2.916403966122633733e+02 2.915740608023893401e+02 2.915491607292739786e+02 2.914666189858494931e+02 2.913385779998727116e+02
2.877262409821735218e+02 2.893957786154589940e+02 2.905119448293816049e+02 2.912395615809637093e+02 2.917555351839986884e+02 2.921043411050400209e+02 2.923674753547721821e+02 2.924931231116136132e+02 2.925720036121800263e+02 2.926304092028516948e+02 2.926223696644474330e+02 2.925758255595011406e+02 2.925475761209364691e+02 2.924532608504780455e+02 2.923472444797285448e+02
