5.410103179529767445e-04
2.872609083043904145e-03
8.770439497709628385e-03
1.815604694930251714e-02
3.041625816490642689e-02
4.311121596883039919e-02
5.608775087887395844e-02
6.359693015158984775e-02
6.881664863854640435e-02
7.295561863523103430e-02
7.237144054498795276e-02
6.908016549746306967e-02
6.715599592182289190e-02
6.111167572529486308e-02
5.496444761598463791e-02
5.071380769151009882e-02
4.434309550840856429e-02
3.941025411457376587e-02
3.380570665859976287e-02
2.951308510524138992e-02
2.486361970637156887e-02
2.147360317401275989e-02
1.788417390445637412e-02
1.501892773314382305e-02
1.380146049551661189e-02
nan
nan
7.955959275873248152e-03
nan
nan
4.585141056804131754e-03
nan
nan
2.907428214287182278e-03
nan
nan
1.634444862055384629e-03
nan
nan
9.631016560678160206e-04
nan
nan
4.916764927096978297e-04
nan
nan
2.953913791917015755e-04
nan
nan
1.522774835079022330e-04
nan
nan
8.237240503532021474e-05
nan
nan
1.806925800216550924e-05
7.815023309021476149e-05
