2.450000000000007816e+01 2.490000000000008384e+01 2.570000000000009521e+01 2.520000000000008811e+01 2.570000000000009521e+01 2.520000000000008811e+01 2.420000000000007390e+01 2.460000000000007958e+01
3.263333333333341812e+01 3.363333333333347497e+01 3.410000000000017906e+01 3.326666666666679362e+01 3.396666666666683909e+01 3.360000000000014353e+01 3.260000000000007958e+01 3.286666666666676662e+01
4.410000000000004405e+01 4.478888888888899089e+01 4.525555555555569498e+01 4.468888888888897526e+01 4.481111111111124501e+01 4.466666666666677088e+01 4.348888888888892978e+01 4.375555555555561682e+01
5.473703703703789358e+01 5.560370370370463178e+01 5.627777777777875912e+01 5.621481481481578157e+01 5.607037037037136429e+01 5.577777777777873069e+01 5.477777777777868096e+01 5.498518518518610421e+01
6.226296296296439436e+01 6.303086419753235958e+01 6.380370370370525990e+01 6.348395061728547262e+01 6.339876543210031912e+01 6.298765432098915795e+01 6.220493827160640876e+01 6.253086419753235958e+01
6.717489711934337038e+01 6.808765432098952886e+01 6.861028806584553763e+01 6.848806584362330341e+01 6.835020576131880432e+01 6.797860082304714524e+01 6.709053497942571198e+01 6.742962962963149209e+01
7.260041152263889330e+01 7.366241426612327814e+01 7.403580246914106056e+01 7.382578875171986965e+01 7.383717421125359692e+01 7.368504801097932955e+01 7.274430727023852228e+01 7.271467764060868433e+01
7.688463648834451192e+01 7.791152263374934250e+01 7.845464106081830380e+01 7.833241883859599852e+01 7.833209876543654104e+01 7.789318701417924729e+01 7.723337905807487402e+01 7.718033836305866657e+01
8.038459076361100131e+01 8.134904740131877077e+01 8.176340496876254349e+01 8.161386983692277397e+01 8.170329218107784186e+01 8.135022100290400715e+01 8.061237616217830748e+01 8.075832952294648237e+01
8.351386983691479315e+01 8.459798303104149397e+01 8.508257379464420467e+01 8.490702636793075442e+01 8.493662043387635663e+01 8.466938982878566833e+01 8.379107859574209272e+01 8.404888482446709475e+01
8.523935206354504146e+01 8.638589476536891709e+01 8.681672678623239392e+01 8.663424274755259091e+01 8.672106386222060337e+01 8.635672068960097647e+01 8.555124388220410481e+01 8.571540584938334462e+01
8.627175114452874993e+01 8.738823519449867661e+01 8.783409654128912791e+01 8.765508080859247286e+01 8.768525292553573536e+01 8.736021722072511864e+01 8.661254551304737959e+01 8.670618525856927761e+01
8.751109248250695316e+01 8.858364465669033905e+01 8.906264759398642639e+01 8.889673435055944140e+01 8.898085789390722766e+01 8.860803663999546131e+01 8.792433590934022902e+01 8.796556569778344681e+01
8.852024106783515833e+01 8.964828613774942312e+01 9.012215084395931797e+01 8.991564557495141230e+01 8.996071856204413564e+01 8.965520813536149092e+01 8.891961127073571447e+01 8.901222337004085716e+01
8.950198575405057966e+01 9.058241654923213559e+01 9.105114302435576690e+01 9.086382048473657846e+01 9.089416387604867964e+01 9.060064265523398319e+01 8.981743151587549789e+01 8.997855336299748785e+01
8.970180585184142785e+01 9.078246501284903047e+01 9.125370351205917530e+01 9.106660933826603355e+01 9.109512580296976125e+01 9.079658053398203776e+01 9.002318912514355986e+01 9.016923882774646870e+01
9.003110937300074568e+01 9.110796243690757024e+01 9.158239805768236863e+01 9.139971895652612943e+01 9.141087961845030918e+01 9.111614044656336375e+01 9.033056952700239606e+01 9.049808561725369316e+01
9.028728508187573709e+01 9.137175033998447304e+01 9.184983981397618891e+01 9.166949511904186920e+01 9.168329467495604490e+01 9.138094330886718808e+01 9.060805937964273937e+01 9.075761069157752559e+01
