0.000000000000000000e+00 0.000000000000000000e+00 0.000000000000000000e+00 0.000000000000000000e+00 0.000000000000000000e+00 0.000000000000000000e+00 0.000000000000000000e+00 0.000000000000000000e+00 0.000000000000000000e+00 0.000000000000000000e+00 7.949999999999975842e+01 7.529999999999999716e+01 7.949999999999975842e+01 7.420000000000005969e+01 7.330000000000011084e+01 0.000000000000000000e+00 6.070000000000059259e+01 5.750000000000054712e+01
0.000000000000000000e+00 0.000000000000000000e+00 0.000000000000000000e+00 0.000000000000000000e+00 0.000000000000000000e+00 0.000000000000000000e+00 0.000000000000000000e+00 0.000000000000000000e+00 0.000000000000000000e+00 0.000000000000000000e+00 1.230333333333306172e+02 1.238333333333305717e+02 1.216333333333306967e+02 1.205333333333307593e+02 1.202999999999974392e+02 0.000000000000000000e+00 1.192999999999976097e+02 1.046999999999985533e+02
0.000000000000000000e+00 0.000000000000000000e+00 0.000000000000000000e+00 0.000000000000000000e+00 0.000000000000000000e+00 0.000000000000000000e+00 0.000000000000000000e+00 0.000000000000000000e+00 0.000000000000000000e+00 0.000000000000000000e+00 1.409444444444445139e+02 1.416111111111111143e+02 1.407000000000003297e+02 1.407111111111116770e+02 1.372333333333334053e+02 0.000000000000000000e+00 1.387222222222228538e+02 1.267444444444464438e+02
0.000000000000000000e+00 0.000000000000000000e+00 0.000000000000000000e+00 0.000000000000000000e+00 0.000000000000000000e+00 0.000000000000000000e+00 0.000000000000000000e+00 0.000000000000000000e+00 0.000000000000000000e+00 0.000000000000000000e+00 1.586037037037008872e+02 1.576703703703677490e+02 1.576185185185160833e+02 1.567999999999979366e+02 1.559592592592562710e+02 0.000000000000000000e+00 1.551370370370349860e+02 1.433962962962955885e+02
0.000000000000000000e+00 0.000000000000000000e+00 0.000000000000000000e+00 0.000000000000000000e+00 0.000000000000000000e+00 0.000000000000000000e+00 0.000000000000000000e+00 0.000000000000000000e+00 0.000000000000000000e+00 0.000000000000000000e+00 1.667814814814734063e+02 1.662629629629548162e+02 1.667839506172756217e+02 1.650765432098691576e+02 1.646308641975222997e+02 0.000000000000000000e+00 1.634135802469062071e+02 1.514950617283891461e+02
0.000000000000000000e+00 0.000000000000000000e+00 0.000000000000000000e+00 0.000000000000000000e+00 0.000000000000000000e+00 0.000000000000000000e+00 0.000000000000000000e+00 0.000000000000000000e+00 0.000000000000000000e+00 0.000000000000000000e+00 1.815831275720095164e+02 1.807617283950546891e+02 1.818358024691286232e+02 1.801415637860019956e+02 1.776283950617208234e+02 0.000000000000000000e+00 1.777938271604875524e+02 1.700497942386786292e+02
0.000000000000000000e+00 0.000000000000000000e+00 0.000000000000000000e+00 0.000000000000000000e+00 0.000000000000000000e+00 0.000000000000000000e+00 0.000000000000000000e+00 0.000000000000000000e+00 0.000000000000000000e+00 0.000000000000000000e+00 1.924253772290631161e+02 1.919727023319433101e+02 1.917825788751543143e+02 1.914403292180894312e+02 1.894187928669216205e+02 0.000000000000000000e+00 1.882058984910669608e+02 1.835609053497761920e+02
0.000000000000000000e+00 0.000000000000000000e+00 0.000000000000000000e+00 0.000000000000000000e+00 0.000000000000000000e+00 0.000000000000000000e+00 0.000000000000000000e+00 0.000000000000000000e+00 0.000000000000000000e+00 0.000000000000000000e+00 1.978860082304470609e+02 1.977376771833507973e+02 1.976763145861871465e+02 1.967956104252344574e+02 1.951545038865960748e+02 0.000000000000000000e+00 1.941640146319124653e+02 1.903618198445330449e+02
0.000000000000000000e+00 0.000000000000000000e+00 0.000000000000000000e+00 0.000000000000000000e+00 0.000000000000000000e+00 0.000000000000000000e+00 0.000000000000000000e+00 0.000000000000000000e+00 0.000000000000000000e+00 0.000000000000000000e+00 2.002232129248472745e+02 2.000748818777510110e+02 1.999198750190421094e+02 1.986450845907531573e+02 1.974643956713789237e+02 0.000000000000000000e+00 1.962163846974458750e+02 1.928394909312511345e+02
0.000000000000000000e+00 0.000000000000000000e+00 0.000000000000000000e+00 0.000000000000000000e+00 0.000000000000000000e+00 0.000000000000000000e+00 0.000000000000000000e+00 0.000000000000000000e+00 0.000000000000000000e+00 0.000000000000000000e+00 2.058652796829486249e+02 2.057741756845744590e+02 2.057856475130571141e+02 2.049218513437723175e+02 2.035070517705349573e+02 0.000000000000000000e+00 2.030107961184512817e+02 1.981381953970198992e+02
0.000000000000000000e+00 0.000000000000000000e+00 0.000000000000000000e+00 0.000000000000000000e+00 0.000000000000000000e+00 0.000000000000000000e+00 0.000000000000000000e+00 0.000000000000000000e+00 0.000000000000000000e+00 0.000000000000000000e+00 2.064115378752989045e+02 2.063204338769247386e+02 2.063561838472896284e+02 2.054108824874001868e+02 2.040550441158768251e+02 0.000000000000000000e+00 2.034061830005333888e+02 1.985110382902113599e+02
0.000000000000000000e+00 0.000000000000000000e+00 0.000000000000000000e+00 0.000000000000000000e+00 0.000000000000000000e+00 0.000000000000000000e+00 0.000000000000000000e+00 0.000000000000000000e+00 0.000000000000000000e+00 0.000000000000000000e+00 2.098786877564524787e+02 2.093910407740050630e+02 2.091562628776844122e+02 2.085392944841996439e+02 2.067325763348670478e+02 0.000000000000000000e+00 2.063068429044394634e+02 2.024325362551573164e+02
0.000000000000000000e+00 0.000000000000000000e+00 0.000000000000000000e+00 0.000000000000000000e+00 0.000000000000000000e+00 0.000000000000000000e+00 0.000000000000000000e+00 0.000000000000000000e+00 0.000000000000000000e+00 0.000000000000000000e+00 2.106193637675202979e+02 2.101825852728257189e+02 2.100826859425163775e+02 2.091196576853797353e+02 2.073314371679572616e+02 0.000000000000000000e+00 2.071130313618556329e+02 2.033836228292027783e+02
0.000000000000000000e+00 0.000000000000000000e+00 0.000000000000000000e+00 0.000000000000000000e+00 0.000000000000000000e+00 0.000000000000000000e+00 0.000000000000000000e+00 0.000000000000000000e+00 0.000000000000000000e+00 0.000000000000000000e+00 2.117153484581748444e+02 2.115493547417151206e+02 2.113728957682236285e+02 2.104232269119107173e+02 2.089761849386019890e+02 0.000000000000000000e+00 2.084258494043415055e+02 2.046183397591806852e+02
0.000000000000000000e+00 0.000000000000000000e+00 0.000000000000000000e+00 0.000000000000000000e+00 0.000000000000000000e+00 0.000000000000000000e+00 0.000000000000000000e+00 0.000000000000000000e+00 0.000000000000000000e+00 0.000000000000000000e+00 2.123377595170650807e+02 2.122440435845491322e+02 2.120422360043664582e+02 2.111203135959182191e+02 2.096400443949196983e+02 0.000000000000000000e+00 2.089852314952428571e+02 2.051647049979973758e+02
0.000000000000000000e+00 0.000000000000000000e+00 0.000000000000000000e+00 0.000000000000000000e+00 0.000000000000000000e+00 0.000000000000000000e+00 0.000000000000000000e+00 0.000000000000000000e+00 0.000000000000000000e+00 0.000000000000000000e+00 2.134757064282557053e+02 2.132467979267201201e+02 2.131246900198277388e+02 2.122441018258939494e+02 2.107298061168144727e+02 0.000000000000000000e+00 2.099464232570733486e+02 2.065312461010607308e+02
0.000000000000000000e+00 0.000000000000000000e+00 0.000000000000000000e+00 0.000000000000000000e+00 0.000000000000000000e+00 0.000000000000000000e+00 0.000000000000000000e+00 0.000000000000000000e+00 0.000000000000000000e+00 0.000000000000000000e+00 2.136491122121671538e+02 2.134734890700424614e+02 2.133448346761367418e+02 2.124360813636571947e+02 2.109828354520741982e+02 0.000000000000000000e+00 2.101974734218406695e+02 2.067373843200388706e+02
0.000000000000000000e+00 0.000000000000000000e+00 0.000000000000000000e+00 0.000000000000000000e+00 0.000000000000000000e+00 0.000000000000000000e+00 0.000000000000000000e+00 0.000000000000000000e+00 0.000000000000000000e+00 0.000000000000000000e+00 2.139122911396710549e+02 2.137666092947363552e+02 2.136292262514803326e+02 2.127003767463105532e+02 2.112719973357836523e+02 0.000000000000000000e+00 2.105523031675227514e+02 2.070183250340114114e+02
