3.710000000000025722e+01 3.810000000000027143e+01 3.880000000000028137e+01 3.800000000000027001e+01 3.830000000000027427e+01 3.710000000000025722e+01 3.640000000000024727e+01 3.620000000000024443e+01
6.230000000000151061e+01 6.336666666666819481e+01 6.373333333333485484e+01 6.253333333333482358e+01 6.356666666666819765e+01 6.190000000000149072e+01 6.126666666666815075e+01 6.133333333333482784e+01
8.474444444444918645e+01 8.550000000000488853e+01 8.577777777778270263e+01 8.528888888889370890e+01 8.538888888889376005e+01 8.341111111111563048e+01 8.424444444444908697e+01 8.342222222222675043e+01
9.582592592592885694e+01 9.681851851852155733e+01 9.694814814815124748e+01 9.625185185185488024e+01 9.638148148148455618e+01 9.458148148148417533e+01 9.538518518518800704e+01 9.447407407407679614e+01
1.053074074074110626e+02 1.063987654321025360e+02 1.068246913580285451e+02 1.062271604938309508e+02 1.064358024691396452e+02 1.046753086419787735e+02 1.052024691358060409e+02 1.046074074074109035e+02
1.137880658436257022e+02 1.148004115226381572e+02 1.149629629629674383e+02 1.144839506172883716e+02 1.147716049382760843e+02 1.127872427983579939e+02 1.134197530864239525e+02 1.125086419753127416e+02
1.193013717421201818e+02 1.201469135802546191e+02 1.204411522633823353e+02 1.199006858710639989e+02 1.202497942386909813e+02 1.183795610425315346e+02 1.187311385459608317e+02 1.182677640603642999e+02
1.229886145404733782e+02 1.238341563786078154e+02 1.239879286694173146e+02 1.235996342021103800e+02 1.238492455418452920e+02 1.220082761774188072e+02 1.223422953818083272e+02 1.220720621856493437e+02
1.258252552964585931e+02 1.267020118884415609e+02 1.270586800792665088e+02 1.265533302850275845e+02 1.267717268709139660e+02 1.249853833257224096e+02 1.252881877762633991e+02 1.249087029416345587e+02
1.286631966671771750e+02 1.296908245694274910e+02 1.299486460397324379e+02 1.294224864095945691e+02 1.296746989788167355e+02 1.279715947772209574e+02 1.281833561957040786e+02 1.279495402123678360e+02
1.304719182374036563e+02 1.313816237362259756e+02 1.316862673373038035e+02 1.311549052481911701e+02 1.313325492387750444e+02 1.297508357465904396e+02 1.300007485308885009e+02 1.295987197073681898e+02
1.317632841651290789e+02 1.327296386616761481e+02 1.330180968348326189e+02 1.324231491360289397e+02 1.326747836542533037e+02 1.310294845523776530e+02 1.312528069908049133e+02 1.308912417370879950e+02
1.332299922286692038e+02 1.341632051347106369e+02 1.344254583293277676e+02 1.338782961796252380e+02 1.341915894708833434e+02 1.324522607401312371e+02 1.326886856678281674e+02 1.323140179248415791e+02
1.338578840673845605e+02 1.348039425511411196e+02 1.350816104390164014e+02 1.345344482893138718e+02 1.348076633781007843e+02 1.331032746187338205e+02 1.333057872212628183e+02 1.329871261971141791e+02
1.342021455501499361e+02 1.351379275717343944e+02 1.354203911419566566e+02 1.348766544796448272e+02 1.351337697776954485e+02 1.334598678561057170e+02 1.336575847762877345e+02 1.333337855210530449e+02
1.349082526842862819e+02 1.358454049008270204e+02 1.361271833735711425e+02 1.355855020036937333e+02 1.358567759829592489e+02 1.341390278227685542e+02 1.343915525412017757e+02 1.340775730164870936e+02
1.353212903416627171e+02 1.362791477264316882e+02 1.365338267878182705e+02 1.360239643897033659e+02 1.362810796877539872e+02 1.345575462599701098e+02 1.348074828323748022e+02 1.344762997487646032e+02
1.354766805992826448e+02 1.364290572042270071e+02 1.366840407533816233e+02 1.361735693797306510e+02 1.364325116043894752e+02 1.347060347948479375e+02 1.349650045043709667e+02 1.346316900063845310e+02
