0.000000000000000000e+00 0.000000000000000000e+00 0.000000000000000000e+00 0.000000000000000000e+00 0.000000000000000000e+00 0.000000000000000000e+00 0.000000000000000000e+00 0.000000000000000000e+00 7.010000000000029274e+01 6.890000000000036096e+01 0.000000000000000000e+00 0.000000000000000000e+00 6.100000000000059686e+01
0.000000000000000000e+00 0.000000000000000000e+00 0.000000000000000000e+00 0.000000000000000000e+00 0.000000000000000000e+00 0.000000000000000000e+00 0.000000000000000000e+00 0.000000000000000000e+00 8.916666666666587560e+01 9.009999999999915588e+01 0.000000000000000000e+00 0.000000000000000000e+00 8.739999999999940883e+01
0.000000000000000000e+00 0.000000000000000000e+00 0.000000000000000000e+00 0.000000000000000000e+00 0.000000000000000000e+00 0.000000000000000000e+00 0.000000000000000000e+00 0.000000000000000000e+00 1.338777777777839617e+02 1.367666666666731032e+02 0.000000000000000000e+00 0.000000000000000000e+00 1.293555555555615229e+02
0.000000000000000000e+00 0.000000000000000000e+00 0.000000000000000000e+00 0.000000000000000000e+00 0.000000000000000000e+00 0.000000000000000000e+00 0.000000000000000000e+00 0.000000000000000000e+00 1.447518518518562587e+02 1.442629629629681745e+02 0.000000000000000000e+00 0.000000000000000000e+00 1.406148148148189421e+02
0.000000000000000000e+00 0.000000000000000000e+00 0.000000000000000000e+00 0.000000000000000000e+00 0.000000000000000000e+00 0.000000000000000000e+00 0.000000000000000000e+00 0.000000000000000000e+00 1.500061728395072009e+02 1.514135802469141936e+02 0.000000000000000000e+00 0.000000000000000000e+00 1.479629629629623651e+02
0.000000000000000000e+00 0.000000000000000000e+00 0.000000000000000000e+00 0.000000000000000000e+00 0.000000000000000000e+00 0.000000000000000000e+00 0.000000000000000000e+00 0.000000000000000000e+00 1.592769547325120243e+02 1.598020576131699784e+02 0.000000000000000000e+00 0.000000000000000000e+00 1.566411522633745506e+02
0.000000000000000000e+00 0.000000000000000000e+00 0.000000000000000000e+00 0.000000000000000000e+00 0.000000000000000000e+00 0.000000000000000000e+00 0.000000000000000000e+00 0.000000000000000000e+00 1.687672153635038796e+02 1.687216735253695390e+02 0.000000000000000000e+00 0.000000000000000000e+00 1.645687242798275065e+02
0.000000000000000000e+00 0.000000000000000000e+00 0.000000000000000000e+00 0.000000000000000000e+00 0.000000000000000000e+00 0.000000000000000000e+00 0.000000000000000000e+00 0.000000000000000000e+00 1.747838591678154501e+02 1.753001828989553417e+02 0.000000000000000000e+00 0.000000000000000000e+00 1.695318701417498914e+02
0.000000000000000000e+00 0.000000000000000000e+00 0.000000000000000000e+00 0.000000000000000000e+00 0.000000000000000000e+00 0.000000000000000000e+00 0.000000000000000000e+00 0.000000000000000000e+00 1.784789056546217978e+02 1.787962353299780318e+02 0.000000000000000000e+00 0.000000000000000000e+00 1.740463039170771822e+02
0.000000000000000000e+00 0.000000000000000000e+00 0.000000000000000000e+00 0.000000000000000000e+00 0.000000000000000000e+00 0.000000000000000000e+00 0.000000000000000000e+00 0.000000000000000000e+00 1.809838896509572521e+02 1.811347406391219295e+02 0.000000000000000000e+00 0.000000000000000000e+00 1.770065030737020493e+02
0.000000000000000000e+00 0.000000000000000000e+00 0.000000000000000000e+00 0.000000000000000000e+00 0.000000000000000000e+00 0.000000000000000000e+00 0.000000000000000000e+00 0.000000000000000000e+00 1.828082185981080272e+02 1.834186201290435747e+02 0.000000000000000000e+00 0.000000000000000000e+00 1.798349066029823859e+02
0.000000000000000000e+00 0.000000000000000000e+00 0.000000000000000000e+00 0.000000000000000000e+00 0.000000000000000000e+00 0.000000000000000000e+00 0.000000000000000000e+00 0.000000000000000000e+00 1.835307823445971849e+02 1.840949397957574263e+02 0.000000000000000000e+00 0.000000000000000000e+00 1.807482271785446812e+02
0.000000000000000000e+00 0.000000000000000000e+00 0.000000000000000000e+00 0.000000000000000000e+00 0.000000000000000000e+00 0.000000000000000000e+00 0.000000000000000000e+00 0.000000000000000000e+00 1.851793837885868470e+02 1.856102041430616225e+02 0.000000000000000000e+00 0.000000000000000000e+00 1.822087693647814319e+02
0.000000000000000000e+00 0.000000000000000000e+00 0.000000000000000000e+00 0.000000000000000000e+00 0.000000000000000000e+00 0.000000000000000000e+00 0.000000000000000000e+00 0.000000000000000000e+00 1.855909560985794826e+02 1.859195256544418555e+02 0.000000000000000000e+00 0.000000000000000000e+00 1.825155217606186397e+02
0.000000000000000000e+00 0.000000000000000000e+00 0.000000000000000000e+00 0.000000000000000000e+00 0.000000000000000000e+00 0.000000000000000000e+00 0.000000000000000000e+00 0.000000000000000000e+00 1.858098447428452289e+02 1.861308782264480612e+02 0.000000000000000000e+00 0.000000000000000000e+00 1.827703780224867387e+02
0.000000000000000000e+00 0.000000000000000000e+00 0.000000000000000000e+00 0.000000000000000000e+00 0.000000000000000000e+00 0.000000000000000000e+00 0.000000000000000000e+00 0.000000000000000000e+00 1.867979836721492291e+02 1.871539571271372040e+02 0.000000000000000000e+00 0.000000000000000000e+00 1.834995501050537996e+02
0.000000000000000000e+00 0.000000000000000000e+00 0.000000000000000000e+00 0.000000000000000000e+00 0.000000000000000000e+00 0.000000000000000000e+00 0.000000000000000000e+00 0.000000000000000000e+00 1.869176473649976913e+02 1.873419783239156402e+02 0.000000000000000000e+00 0.000000000000000000e+00 1.836485968675202685e+02
0.000000000000000000e+00 0.000000000000000000e+00 0.000000000000000000e+00 0.000000000000000000e+00 0.000000000000000000e+00 0.000000000000000000e+00 0.000000000000000000e+00 0.000000000000000000e+00 1.870393409762885426e+02 1.874482445549594445e+02 0.000000000000000000e+00 0.000000000000000000e+00 1.837251247932194360e+02
