3.333333333333333493e-05
8.000000000000000654e-05
2.599999999999999772e-04
6.666666666666666444e-04
1.473333333333333439e-03
2.553333333333333236e-03
4.046666666666666294e-03
6.306666666666667018e-03
8.920000000000000845e-03
1.158000000000000002e-02
1.481999999999999984e-02
1.833333333333333343e-02
2.040000000000000147e-02
2.408666666666666595e-02
2.767333333333333450e-02
3.067999999999999894e-02
3.107333333333333475e-02
3.396666666666666584e-02
3.434000000000000247e-02
3.624666666666667009e-02
3.612666666666666804e-02
3.624666666666667009e-02
3.615333333333333593e-02
3.504666666666666347e-02
3.447333333333333499e-02
3.318000000000000116e-02
3.277333333333333487e-02
3.138666666666666688e-02
2.929999999999999966e-02
2.808000000000000079e-02
2.698666666666666575e-02
2.467333333333333184e-02
2.374000000000000069e-02
2.191333333333333327e-02
2.079999999999999905e-02
2.015333333333333213e-02
1.867333333333333345e-02
1.692666666666666625e-02
1.567333333333333426e-02
1.449333333333333376e-02
1.307999999999999961e-02
1.203333333333333338e-02
1.142666666666666657e-02
1.008000000000000042e-02
9.606666666666666132e-03
8.586666666666666059e-03
7.793333333333333536e-03
6.773333333333333463e-03
6.633333333333333096e-03
6.126666666666666546e-03
5.333333333333333155e-03
5.006666666666667077e-03
4.593333333333332949e-03
4.426666666666666423e-03
3.813333333333333505e-03
3.553333333333333257e-03
3.346666666666666626e-03
3.006666666666666602e-03
2.619999999999999933e-03
2.313333333333333474e-03
2.320000000000000014e-03
1.899999999999999996e-03
1.899999999999999996e-03
1.613333333333333373e-03
1.733333333333333254e-03
1.426666666666666578e-03
1.333333333333333289e-03
1.113333333333333362e-03
1.100000000000000066e-03
9.266666666666666758e-04
8.933333333333333274e-04
7.466666666666666374e-04
8.466666666666666828e-04
5.599999999999999509e-04
5.666666666666667074e-04
6.066666666666667039e-04
4.733333333333333099e-04
5.000000000000000104e-04
4.133333333333333152e-04
4.333333333333333134e-04
2.999999999999999737e-04
3.533333333333333205e-04
3.266666666666666742e-04
2.599999999999999772e-04
2.533333333333333292e-04
2.133333333333333327e-04
2.133333333333333327e-04
2.266666666666666558e-04
1.933333333333333345e-04
1.933333333333333345e-04
1.399999999999999877e-04
1.200000000000000030e-04
9.333333333333332967e-05
1.333333333333333397e-04
9.333333333333332967e-05
1.000000000000000048e-04
6.000000000000000152e-05
6.000000000000000152e-05
7.333333333333333143e-05
2.666666666666666659e-05
7.333333333333333143e-05
4.666666666666666484e-05
4.666666666666666484e-05
4.000000000000000327e-05
3.333333333333333493e-05
4.666666666666666484e-05
3.333333333333333493e-05
3.333333333333333493e-05
2.666666666666666659e-05
3.333333333333333493e-05
6.666666666666666647e-06
4.000000000000000327e-05
2.000000000000000164e-05
6.666666666666666647e-06
6.666666666666666647e-06
6.666666666666666647e-06
1.333333333333333329e-05
2.000000000000000164e-05
6.666666666666666647e-06
6.666666666666666647e-06
2.000000000000000164e-05
2.666666666666666659e-05
6.666666666666666647e-06
2.000000000000000164e-05
1.333333333333333329e-05
1.333333333333333329e-05
6.666666666666666647e-06
6.666666666666666647e-06
6.666666666666666647e-06
