4.092035554376880923e-07
4.485257857422367028e-06
2.489769457611645971e-05
9.992306199001335437e-05
2.805673174221914087e-04
6.904275586878241616e-04
1.380003572945048482e-03
2.373754731131216388e-03
4.192802961986423493e-03
6.265922755719729141e-03
8.862372777117349942e-03
1.150518797746848641e-02
1.472425611624205224e-02
1.821489173174343015e-02
2.026820679968541553e-02
2.393105593701418815e-02
2.749455111944253821e-02
3.048179336344845891e-02
3.087258558605677355e-02
3.374722668117555169e-02
3.411814811280378806e-02
3.601249685290510566e-02
3.589327210702460136e-02
3.601249685290510566e-02
3.591976649499804830e-02
3.482024939410006958e-02
3.425062005267100890e-02
3.296564223595892934e-02
3.256160281936389123e-02
3.118389464474475084e-02
2.911070878582268373e-02
2.789859053603757633e-02
2.681232062912632455e-02
2.451393247242997578e-02
2.358662889335940219e-02
2.177176331717841848e-02
2.066562261928708844e-02
2.002313371093104866e-02
1.855269517840485091e-02
1.681731276614420456e-02
1.718388344111669228e-02
1.564040537835729647e-02
1.423556446001189059e-02
1.295690812308332614e-02
1.179310230947332866e-02
1.073383100046319295e-02
9.769704775133940255e-03
8.892177582184405960e-03
8.093470987409539727e-03
7.366505225365563639e-03
6.704836444061525874e-03
6.102599586411717146e-03
5.554456402147953976e-03
5.055548129367460307e-03
4.601452426283716458e-03
4.188144171421715779e-03
3.811959784789087629e-03
3.469564753764561686e-03
3.157924075852068871e-03
2.874275356303918581e-03
2.616104322149327786e-03
2.381122535583791566e-03
2.167247109169889892e-03
1.972582243044314343e-03
1.795402420476234322e-03
1.634137112821766819e-03
1.487356858298724853e-03
1.353760591183354083e-03
1.232164109114576968e-03
1.121489576279510476e-03
1.020755969436081684e-03
9.290703820859311929e-04
8.456201097174672601e-04
7.696654459623523308e-04
7.005331258102999318e-04
6.376103577625785029e-04
5.803393920250014652e-04
5.282125765926742314e-04
4.807678574034343296e-04
4.375846826731811449e-04
3.982802751089678213e-04
3.625062389566065788e-04
3.299454718075375912e-04
3.003093537910946878e-04
2.733351892370616061e-04
2.487838781313237661e-04
2.264377967243055758e-04
2.060988685058288234e-04
1.875868084474417794e-04
1.707375249491090456e-04
1.554016653250719980e-04
1.414432919359922744e-04
1.287386772325832855e-04
1.171752070299337937e-04
1.066503822911177247e-04
9.707091057185754336e-05
8.835187907277007038e-05
8.041600196910605482e-05
7.319293534627588230e-05
6.661865366873429852e-05
6.063488225521177432e-05
5.518858072973793289e-05
5.023147286974415554e-05
4.571961868380194395e-05
4.161302492587863155e-05
3.787529059369201893e-05
3.447328426885157477e-05
3.137685043871240491e-05
2.855854219677242417e-05
2.599337795225504383e-05
2.365861999234461667e-05
2.153357293424078630e-05
