2.700000000000011369e+01 2.570000000000009521e+01 2.740000000000011937e+01 3.000000000000015632e+01 3.180000000000018190e+01 3.090000000000016911e+01 3.160000000000017906e+01 3.050000000000016342e+01 3.180000000000018190e+01 3.330000000000020322e+01
4.513333333333408603e+01 4.463333333333403630e+01 4.766666666666755248e+01 4.880000000000098481e+01 5.153333333333448962e+01 5.130000000000112692e+01 5.306666666666789212e+01 5.196666666666781964e+01 5.306666666666789922e+01 5.283333333333450810e+01
5.788888888888959627e+01 5.934444444444509514e+01 6.188888888888972417e+01 6.195555555555649363e+01 6.242222222222333983e+01 6.503333333333458199e+01 6.573333333333479800e+01 6.512222222222351320e+01 6.644444444444602027e+01 6.750000000000167688e+01
6.645185185185262355e+01 6.844074074074102043e+01 7.068888888888879762e+01 7.173333333333316375e+01 7.214074074074065379e+01 7.350740740740727119e+01 7.385185185185198975e+01 7.436666666666644687e+01 7.554074074074083001e+01 7.550000000000036948e+01
7.105432098765544424e+01 7.262839506172899462e+01 7.386913580246928746e+01 7.542716049382727306e+01 7.619012345679034581e+01 7.668765432098776103e+01 7.867160493827211099e+01 7.865308641975319404e+01 7.874074074074107443e+01 7.980617283950687124e+01
7.532098765432243681e+01 7.750082304526846144e+01 7.905761316872482780e+01 8.114238683127626928e+01 8.198436213991836041e+01 8.278477366255201275e+01 8.386008230452765133e+01 8.378888888888938880e+01 8.458765432098843462e+01 8.437572016461010094e+01
7.901700960219851311e+01 8.124074074074401608e+01 8.291165980795902612e+01 8.403950617284183977e+01 8.507462277092163561e+01 8.636666666666944536e+01 8.699423868313040487e+01 8.773950617284243947e+01 8.787105624142941451e+01 8.826488340192388193e+01
8.409721079104069474e+01 8.599903978052361708e+01 8.754119798811359487e+01 8.845834476451908301e+01 9.042405121170706650e+01 9.039922267947159185e+01 9.162962962963156599e+01 9.205884773662761233e+01 9.237768632830554338e+01 9.335679012345924832e+01
8.572037799116428403e+01 8.767683279988213485e+01 8.961307727480981100e+01 9.072921810699968148e+01 9.199649443682679362e+01 9.276764212772884832e+01 9.370150891632778212e+01 9.384199055022492075e+01 9.428568815729697405e+01 9.551841182746998982e+01
8.902914189909647291e+01 9.108444342833431051e+01 9.305190265711040354e+01 9.425388406238342043e+01 9.510236244474427281e+01 9.598796423309052273e+01 9.663829700756633656e+01 9.749671797997706335e+01 9.837221968195221677e+01 9.865029213026114974e+01
9.079624379752483776e+01 9.284114040881314622e+01 9.456234991278371638e+01 9.624816000270983807e+01 9.712611898592768966e+01 9.749667733577224737e+01 9.854586529831334474e+01 9.913029009805313763e+01 9.986705956070123591e+01 1.003948500397988681e+02
9.210841956114914808e+01 9.444349777302750226e+01 9.619245372486325607e+01 9.772681445352525031e+01 9.880477908177130075e+01 9.943892868633510318e+01 1.002753938819097925e+02 1.007650183181102079e+02 1.017977498913202652e+02 1.016411279897433673e+02
9.337242440834084789e+01 9.573062466010685512e+01 9.737630216711109199e+01 9.888445791723374612e+01 9.971501671868190897e+01 1.005287474997064834e+02 1.014168519176969312e+02 1.021068673662570063e+02 1.027596267506466319e+02 1.028642838998002134e+02
9.394996158242888384e+01 9.633077005097413803e+01 9.795846374917670119e+01 9.953084738787676145e+01 1.003948046913851755e+02 1.012825260000509218e+02 1.019892508606987747e+02 1.026263425290710671e+02 1.032256643101642908e+02 1.036324494471859907e+02
9.426031074003920196e+01 9.668496544718723840e+01 9.840377710998620842e+01 9.985763888496312290e+01 1.007661275245524877e+02 1.016613849054780871e+02 1.023389931233037800e+02 1.030966619478337236e+02 1.035562238433805788e+02 1.040630332122148758e+02
9.456517911781152463e+01 9.690944905419112843e+01 9.866594107828780125e+01 1.000855479793577132e+02 1.009741687920810165e+02 1.019319984093434073e+02 1.025915657269114121e+02 1.033079003369269060e+02 1.038421378575910268e+02 1.043272524729508888e+02
9.476126924044361033e+01 9.717267872968093911e+01 9.888973958781355122e+01 1.003499956059197729e+02 1.012753071946945767e+02 1.022173034480177307e+02 1.028526639880247870e+02 1.035221074817586953e+02 1.040338129075862099e+02 1.045621647860109107e+02
9.504434136883202200e+01 9.748528617157276699e+01 9.922142826317150366e+01 1.006267749871012711e+02 1.016402865326955549e+02 1.025542699113556750e+02 1.032307363000530529e+02 1.037596079408583307e+02 1.043216553443411527e+02 1.047975338307340110e+02
9.519029250565311884e+01 9.764355214701298280e+01 9.933821623820776381e+01 1.007515473080554216e+02 1.017625552875568076e+02 1.026699075992681713e+02 1.033779053879463703e+02 1.038722007510902756e+02 1.044409468854703107e+02 1.049204115611313739e+02
9.549121663905793866e+01 9.786882798605115852e+01 9.957734063202862274e+01 1.009715002498155627e+02 1.020039802556249526e+02 1.029187756016657715e+02 1.036039480850669747e+02 1.041325716247243065e+02 1.047191810414950339e+02 1.051160957000475946e+02
9.551539522330773480e+01 9.789781822885812801e+01 9.960891714131007291e+01 1.009938443892404365e+02 1.020358274207002438e+02 1.029403679194410870e+02 1.036297506040798169e+02 1.041650803928512090e+02 1.047436002086726887e+02 1.051434920809575004e+02
9.554035570207896910e+01 9.793406605666406506e+01 9.964273909125952855e+01 1.010335405723464959e+02 1.020656196066071146e+02 1.029687366563577910e+02 1.036620689107298006e+02 1.042001253060175685e+02 1.047713875368469303e+02 1.051762314077313363e+02
9.555599359239347734e+01 9.795033213573479713e+01 9.966431136046261940e+01 1.010539366583464442e+02 1.020863498355625012e+02 1.029868472045425420e+02 1.036793775158214999e+02 1.042217644038117470e+02 1.047906609025166063e+02 1.051924172924927632e+02
