4.799117402610690798e-07
5.260286415578275125e-06
2.919988297690177565e-05
1.171892324360419092e-04
3.290478486200915792e-04
8.097297465063958959e-04
1.618460806261007127e-03
2.783926847242655309e-03
4.917296879071412705e-03
7.348640680363777503e-03
1.039374337243842601e-02
1.349322289830010881e-02
1.726852878694366128e-02
2.136232755919706405e-02
2.377044448405200502e-02
2.806621435322872310e-02
3.224546243571891485e-02
3.574888415542722825e-02
3.620720318306091395e-02
3.957856687785783062e-02
4.001358154815420898e-02
4.223526361431070852e-02
4.209543747028687138e-02
4.223526361431070852e-02
4.212650994673661220e-02
4.083700217407234406e-02
4.016894393040291306e-02
3.866192882259046615e-02
3.818807355673191350e-02
3.657230478134537027e-02
3.414088349915312542e-02
3.271931770157746749e-02
3.144534616713807323e-02
2.874980883512302798e-02
2.766227215938208903e-02
2.553380752257481540e-02
2.423653163079812073e-02
2.348302407689189727e-02
2.175850163393126119e-02
1.972325442647321347e-02
1.826284803333539861e-02
nan
nan
nan
nan
1.209871766035523939e-02
nan
nan
nan
nan
7.567103919837510351e-03
nan
nan
nan
nan
4.830446213601240386e-03
nan
nan
nan
nan
3.219001556025398881e-03
nan
nan
nan
nan
1.955301862317804836e-03
nan
nan
nan
nan
1.282085826560812065e-03
nan
nan
nan
nan
8.030510914159876739e-04
nan
nan
nan
nan
4.599516847470202629e-04
nan
nan
nan
nan
2.951889254155843256e-04
nan
nan
nan
nan
1.911251280800226049e-04
nan
nan
nan
nan
1.329893099622358880e-04
nan
nan
nan
nan
8.609340147672341146e-05
nan
nan
nan
nan
4.736122025100699702e-05
nan
nan
nan
nan
5.311257947240965943e-06
8.253556882661660938e-05
