4.780000000000040927e+01 4.980000000000043769e+01 5.090000000000045333e+01 5.080000000000045191e+01 5.080000000000045191e+01 5.040000000000044622e+01 4.940000000000043201e+01 5.010000000000044196e+01
7.380000000000065086e+01 7.526666666666716310e+01 7.576666666666710626e+01 7.566666666666711194e+01 7.533333333333379755e+01 7.553333333333380040e+01 7.433333333333389703e+01 7.430000000000055138e+01
8.491111111111349885e+01 8.611111111111330274e+01 8.710000000000221121e+01 8.642222222222434880e+01 8.688888888889115947e+01 8.655555555555774561e+01 8.553333333333564781e+01 8.536666666666894798e+01
9.614074074074129328e+01 9.742962962962997153e+01 9.776666666666713468e+01 9.791851851851876631e+01 9.767407407407458209e+01 9.734074074074116822e+01 9.655555555555606873e+01 9.695185185185223986e+01
1.055629629629642352e+02 1.073456790123467783e+02 1.078407407407419782e+02 1.076370370370380272e+02 1.078469135802481986e+02 1.074148148148160118e+02 1.064123456790136117e+02 1.067296296296307645e+02
1.142016460905369115e+02 1.156683127572033811e+02 1.160843621399195627e+02 1.158411522633761024e+02 1.156954732510306911e+02 1.156320987654339234e+02 1.145506172839525050e+02 1.149600823045285125e+02
1.209879286694162630e+02 1.221122085048068016e+02 1.225019204389632961e+02 1.224694101508973318e+02 1.223061728395121293e+02 1.220408779149577612e+02 1.212315500685931084e+02 1.216585733882089073e+02
1.253014174668548435e+02 1.265661636945635991e+02 1.269500228623735012e+02 1.268472793781484285e+02 1.268830361225473666e+02 1.264363054412486349e+02 1.255743026977646508e+02 1.258667123914088251e+02
1.287467459228836901e+02 1.299061423563494202e+02 1.303719402530100240e+02 1.302145709495505912e+02 1.302737387593357141e+02 1.298894375857354362e+02 1.291327846364929997e+02 1.292027892089661520e+02
1.310488340192044348e+02 1.321458009449733311e+02 1.326246049890707752e+02 1.324490270791997659e+02 1.324665752171869997e+02 1.322201392064172296e+02 1.315155108469221545e+02 1.314762637809258479e+02
1.342414096767182912e+02 1.354805771477974190e+02 1.359472421209537458e+02 1.357179054683435027e+02 1.357701366661625002e+02 1.353988416399983805e+02 1.346231130078481897e+02 1.347798252299013484e+02
1.358125522870843156e+02 1.370170366983319639e+02 1.375299457512635968e+02 1.373318238525016852e+02 1.373170011346464889e+02 1.369815452703082315e+02 1.362682461458547039e+02 1.364180217559415667e+02
1.378218575533213652e+02 1.389338538050184013e+02 1.394020602475005717e+02 1.392355384699184526e+02 1.392692720358273277e+02 1.389253380901969308e+02 1.382482634949007263e+02 1.382546824576841402e+02
1.380751723458636491e+02 1.391887100668865003e+02 1.396713035564096117e+02 1.394888532624607365e+02 1.395189900666093763e+02 1.391904708142371305e+02 1.385036335798774303e+02 1.385090248964436341e+02
1.390188941220015693e+02 1.400670050338620456e+02 1.405677536065558684e+02 1.403760544966521024e+02 1.404205783478416834e+02 1.400975398752945580e+02 1.393709669872027348e+02 1.394208896398480420e+02
1.391881131991021618e+02 1.402417048907877586e+02 1.407367443178304143e+02 1.405500692560996754e+02 1.405920810832027428e+02 1.402701844397858508e+02 1.395417846250856542e+02 1.395891952536444478e+02
1.400157109526953434e+02 1.410915302514494840e+02 1.415813933864350815e+02 1.413892375448792222e+02 1.414222669828244534e+02 1.410822533172078579e+02 1.403593342823327816e+02 1.404668812450838686e+02
1.401365925966047712e+02 1.412205315691731471e+02 1.417112066715401681e+02 1.415209792525151897e+02 1.415462950003368974e+02 1.412111531390088430e+02 1.404869146571389535e+02 1.405898943033695332e+02
