0.000000000000000000e+00 0.000000000000000000e+00 0.000000000000000000e+00 0.000000000000000000e+00 0.000000000000000000e+00 0.000000000000000000e+00 0.000000000000000000e+00 0.000000000000000000e+00 0.000000000000000000e+00 0.000000000000000000e+00 4.840000000000041780e+01 4.700000000000039790e+01 4.700000000000039790e+01 4.740000000000040359e+01 3.580000000000023874e+01 0.000000000000000000e+00 4.220000000000032969e+01 3.220000000000018758e+01
0.000000000000000000e+00 0.000000000000000000e+00 0.000000000000000000e+00 0.000000000000000000e+00 0.000000000000000000e+00 0.000000000000000000e+00 0.000000000000000000e+00 0.000000000000000000e+00 0.000000000000000000e+00 0.000000000000000000e+00 8.619999999999993179e+01 8.766666666666655772e+01 8.533333333333335702e+01 8.599999999999997158e+01 7.826666666666748995e+01 0.000000000000000000e+00 7.846666666666725121e+01 6.473333333333505379e+01
0.000000000000000000e+00 0.000000000000000000e+00 0.000000000000000000e+00 0.000000000000000000e+00 0.000000000000000000e+00 0.000000000000000000e+00 0.000000000000000000e+00 0.000000000000000000e+00 0.000000000000000000e+00 0.000000000000000000e+00 1.429555555555643593e+02 1.420666666666750473e+02 1.412444444444531939e+02 1.393333333333416419e+02 1.344444444444540352e+02 0.000000000000000000e+00 1.388222222222322273e+02 1.278000000000115790e+02
0.000000000000000000e+00 0.000000000000000000e+00 0.000000000000000000e+00 0.000000000000000000e+00 0.000000000000000000e+00 0.000000000000000000e+00 0.000000000000000000e+00 0.000000000000000000e+00 0.000000000000000000e+00 0.000000000000000000e+00 1.532962962963034101e+02 1.539185185185249622e+02 1.531555555555623584e+02 1.522222222222284245e+02 1.494074074074145528e+02 0.000000000000000000e+00 1.498148148148230234e+02 1.437407407407497146e+02
0.000000000000000000e+00 0.000000000000000000e+00 0.000000000000000000e+00 0.000000000000000000e+00 0.000000000000000000e+00 0.000000000000000000e+00 0.000000000000000000e+00 0.000000000000000000e+00 0.000000000000000000e+00 0.000000000000000000e+00 1.614740740740759293e+02 1.612666666666683852e+02 1.615901234567915026e+02 1.604000000000009436e+02 1.594617283950624085e+02 0.000000000000000000e+00 1.586444444444469752e+02 1.519777777777814549e+02
0.000000000000000000e+00 0.000000000000000000e+00 0.000000000000000000e+00 0.000000000000000000e+00 0.000000000000000000e+00 0.000000000000000000e+00 0.000000000000000000e+00 0.000000000000000000e+00 0.000000000000000000e+00 0.000000000000000000e+00 1.696255144032946589e+02 1.691942386831298961e+02 1.688460905349813572e+02 1.677613168724294894e+02 1.656905349794250242e+02 0.000000000000000000e+00 1.660847736625545394e+02 1.602872427983582213e+02
0.000000000000000000e+00 0.000000000000000000e+00 0.000000000000000000e+00 0.000000000000000000e+00 0.000000000000000000e+00 0.000000000000000000e+00 0.000000000000000000e+00 0.000000000000000000e+00 0.000000000000000000e+00 0.000000000000000000e+00 1.743048010973914757e+02 1.737067215363489652e+02 1.739731138545921283e+02 1.723879286694070174e+02 1.715198902606263118e+02 0.000000000000000000e+00 1.704216735253759794e+02 1.662921810699571381e+02
0.000000000000000000e+00 0.000000000000000000e+00 0.000000000000000000e+00 0.000000000000000000e+00 0.000000000000000000e+00 0.000000000000000000e+00 0.000000000000000000e+00 0.000000000000000000e+00 0.000000000000000000e+00 0.000000000000000000e+00 1.876549611340010983e+02 1.873144032922092777e+02 1.870247828075248151e+02 1.866686785551270873e+02 1.850105166895544926e+02 0.000000000000000000e+00 1.844800182899249990e+02 1.780972107910626221e+02
0.000000000000000000e+00 0.000000000000000000e+00 0.000000000000000000e+00 0.000000000000000000e+00 0.000000000000000000e+00 0.000000000000000000e+00 0.000000000000000000e+00 0.000000000000000000e+00 0.000000000000000000e+00 0.000000000000000000e+00 1.905150129553622946e+02 1.900378905654836501e+02 1.904662094193127757e+02 1.891736625514625416e+02 1.879095869532262100e+02 0.000000000000000000e+00 1.866104252400794508e+02 1.810470050297380169e+02
0.000000000000000000e+00 0.000000000000000000e+00 0.000000000000000000e+00 0.000000000000000000e+00 0.000000000000000000e+00 0.000000000000000000e+00 0.000000000000000000e+00 0.000000000000000000e+00 0.000000000000000000e+00 0.000000000000000000e+00 1.923931006452420434e+02 1.924206167759128050e+02 1.924535487476619835e+02 1.913612965503390910e+02 1.897200426764343888e+02 0.000000000000000000e+00 1.892532743992454130e+02 1.837652898440376532e+02
0.000000000000000000e+00 0.000000000000000000e+00 0.000000000000000000e+00 0.000000000000000000e+00 0.000000000000000000e+00 0.000000000000000000e+00 0.000000000000000000e+00 0.000000000000000000e+00 0.000000000000000000e+00 0.000000000000000000e+00 1.954417416044540801e+02 1.953912208505033732e+02 1.951952446273629107e+02 1.940024115565279033e+02 1.924946874629754916e+02 0.000000000000000000e+00 1.921302342122902189e+02 1.875214652238176711e+02
0.000000000000000000e+00 0.000000000000000000e+00 0.000000000000000000e+00 0.000000000000000000e+00 0.000000000000000000e+00 0.000000000000000000e+00 0.000000000000000000e+00 0.000000000000000000e+00 0.000000000000000000e+00 0.000000000000000000e+00 1.994210446691191692e+02 1.991786109841009420e+02 1.991918892219437396e+02 1.977620552422602884e+02 1.965341078313484786e+02 0.000000000000000000e+00 1.964251531214217721e+02 1.902544903385382611e+02
0.000000000000000000e+00 0.000000000000000000e+00 0.000000000000000000e+00 0.000000000000000000e+00 0.000000000000000000e+00 0.000000000000000000e+00 0.000000000000000000e+00 0.000000000000000000e+00 0.000000000000000000e+00 0.000000000000000000e+00 2.041271505209194856e+02 2.040118880552833502e+02 2.037176431626203623e+02 2.027386889607461455e+02 2.013134334761263631e+02 0.000000000000000000e+00 2.009285557568736635e+02 1.966130513076428485e+02
0.000000000000000000e+00 0.000000000000000000e+00 0.000000000000000000e+00 0.000000000000000000e+00 0.000000000000000000e+00 0.000000000000000000e+00 0.000000000000000000e+00 0.000000000000000000e+00 0.000000000000000000e+00 0.000000000000000000e+00 2.046820794782129269e+02 2.046115196230254298e+02 2.041600448591293002e+02 2.032417217840704780e+02 2.019757514631182573e+02 0.000000000000000000e+00 2.013277963122597782e+02 1.970482594806313159e+02
0.000000000000000000e+00 0.000000000000000000e+00 0.000000000000000000e+00 0.000000000000000000e+00 0.000000000000000000e+00 0.000000000000000000e+00 0.000000000000000000e+00 0.000000000000000000e+00 0.000000000000000000e+00 0.000000000000000000e+00 2.062492399594582935e+02 2.060344670851223157e+02 2.058470973990491757e+02 2.049349402012936139e+02 2.034709767091589185e+02 0.000000000000000000e+00 2.029665494799707801e+02 1.991905592947752552e+02
0.000000000000000000e+00 0.000000000000000000e+00 0.000000000000000000e+00 0.000000000000000000e+00 0.000000000000000000e+00 0.000000000000000000e+00 0.000000000000000000e+00 0.000000000000000000e+00 0.000000000000000000e+00 0.000000000000000000e+00 2.064858269552426577e+02 2.062587223263001590e+02 2.061028671242214614e+02 2.052487148462817572e+02 2.037598594791079734e+02 0.000000000000000000e+00 2.031668263094137217e+02 1.994979396966340914e+02
0.000000000000000000e+00 0.000000000000000000e+00 0.000000000000000000e+00 0.000000000000000000e+00 0.000000000000000000e+00 0.000000000000000000e+00 0.000000000000000000e+00 0.000000000000000000e+00 0.000000000000000000e+00 0.000000000000000000e+00 2.072675992997424714e+02 2.070484113527695911e+02 2.069459937539858174e+02 2.059543652487660097e+02 2.045968963535110845e+02 0.000000000000000000e+00 2.039472284589572553e+02 2.005455298626522449e+02
0.000000000000000000e+00 0.000000000000000000e+00 0.000000000000000000e+00 0.000000000000000000e+00 0.000000000000000000e+00 0.000000000000000000e+00 0.000000000000000000e+00 0.000000000000000000e+00 0.000000000000000000e+00 0.000000000000000000e+00 2.073374284945448949e+02 2.071299125786799777e+02 2.070109511444996997e+02 2.060102895021615552e+02 2.046768751405813020e+02 0.000000000000000000e+00 2.040108664024763243e+02 2.006371806808304257e+02
