6.666666666666667494e-06
2.666666666666666998e-05
7.333333333333334498e-05
3.266666666666667284e-04
7.133333333333333973e-04
1.340000000000000262e-03
2.580000000000000262e-03
3.953333333333333872e-03
5.926666666666667756e-03
8.640000000000001845e-03
1.192666666666666875e-02
1.442666666666666923e-02
1.807333333333333708e-02
2.105333333333333709e-02
2.454000000000000278e-02
2.690666666666666901e-02
2.961333333333333526e-02
3.205333333333334339e-02
3.312000000000000360e-02
3.596666666666667456e-02
3.641333333333333921e-02
3.636000000000001037e-02
3.660000000000000753e-02
3.636666666666667214e-02
3.564666666666667372e-02
3.496666666666667367e-02
3.357333333333333697e-02
3.204666666666667468e-02
3.146000000000000879e-02
2.930000000000000313e-02
2.718666666666667148e-02
2.653333333333333585e-02
2.514666666666667133e-02
2.300666666666667179e-02
2.236666666666667011e-02
2.048000000000000514e-02
1.934000000000000302e-02
1.797333333333333769e-02
1.666000000000000467e-02
1.571333333333333609e-02
1.380666666666666847e-02
1.290000000000000174e-02
1.194666666666666793e-02
1.126666666666666788e-02
1.032666666666666802e-02
9.680000000000001104e-03
8.553333333333334662e-03
7.706666666666667220e-03
7.666666666666667115e-03
6.493333333333334463e-03
6.166666666666667518e-03
5.853333333333334519e-03
5.033333333333334103e-03
4.633333333333333921e-03
4.473333333333334369e-03
3.660000000000000493e-03
3.493333333333333967e-03
3.406666666666667218e-03
3.146666666666666969e-03
2.426666666666667249e-03
2.386666666666667144e-03
2.246666666666667211e-03
2.126666666666666896e-03
2.000000000000000475e-03
1.786666666666666872e-03
1.546666666666666893e-03
1.386666666666666907e-03
1.340000000000000262e-03
1.226666666666666921e-03
1.146666666666666928e-03
1.040000000000000126e-03
8.533333333333334393e-04
9.333333333333334323e-04
7.866666666666667423e-04
7.333333333333334498e-04
6.733333333333334008e-04
5.466666666666667633e-04
6.266666666666667563e-04
4.400000000000000699e-04
5.000000000000001188e-04
3.866666666666667231e-04
3.466666666666667266e-04
2.933333333333333799e-04
3.066666666666667302e-04
3.333333333333333764e-04
2.866666666666667319e-04
2.733333333333333817e-04
1.866666666666666865e-04
1.800000000000000384e-04
2.466666666666667354e-04
1.600000000000000402e-04
1.466666666666666900e-04
1.333333333333333668e-04
1.600000000000000402e-04
8.000000000000002010e-05
1.133333333333333415e-04
1.000000000000000183e-04
4.666666666666667161e-05
8.000000000000002010e-05
4.000000000000001005e-05
4.000000000000001005e-05
8.666666666666668166e-05
4.000000000000001005e-05
5.333333333333333995e-05
4.666666666666667161e-05
6.666666666666668341e-05
3.333333333333334171e-05
2.666666666666666998e-05
1.333333333333333499e-05
2.666666666666666998e-05
6.666666666666667494e-06
2.000000000000000502e-05
3.333333333333334171e-05
2.666666666666666998e-05
2.000000000000000502e-05
2.666666666666666998e-05
4.000000000000001005e-05
1.333333333333333499e-05
6.666666666666667494e-06
6.666666666666667494e-06
1.333333333333333499e-05
1.333333333333333499e-05
6.666666666666667494e-06
6.666666666666667494e-06
6.666666666666667494e-06
1.333333333333333499e-05
1.333333333333333499e-05
6.666666666666667494e-06
6.666666666666667494e-06
6.666666666666667494e-06
