4.111521897875633715e-07
4.251847938424547032e-06
2.393728207510374440e-05
9.034331990861561520e-05
2.700302694926222163e-04
6.698395533913767581e-04
1.364967178116030522e-03
2.327175036640007771e-03
4.027848758570536786e-03
5.462992178981545578e-03
8.637210953842629213e-03
1.192281666390784811e-02
1.442200964823733139e-02
1.806749914804593390e-02
2.104653718536668092e-02
2.453207833417819436e-02
2.689798102601010168e-02
2.960377396371082284e-02
3.204298631641640249e-02
3.310930865639697546e-02
3.595505640122014651e-02
3.640157888108701278e-02
3.634826276408799350e-02
3.658818529058362190e-02
3.635492727871286051e-02
3.563515969922597532e-02
3.495537920748835459e-02
3.356249565088872261e-02
3.203632180179152161e-02
3.144984451480220544e-02
2.929054177634152906e-02
2.717789064025500842e-02
2.652476820701690080e-02
2.513854916504215317e-02
2.299923997045611596e-02
2.235944656646776316e-02
2.047338892762711610e-02
1.933375692677287080e-02
1.796753142867275888e-02
1.665462204757166970e-02
1.570826097083890399e-02
1.380220978812361950e-02
1.289583579914012693e-02
1.194281020778248381e-02
1.126302971604486482e-02
1.086825345851787777e-02
9.905552182244108453e-03
9.028126221905559065e-03
8.228421957613000701e-03
7.499554863139348479e-03
6.835250238133484466e-03
6.229789190227541518e-03
5.677959402006309969e-03
5.175010258999522203e-03
4.716611952400948798e-03
4.298818204436246834e-03
3.918032295488185247e-03
3.570976100512152432e-03
3.254661868181487477e-03
2.966366499813703241e-03
2.703608106649043902e-03
2.464124643666751237e-03
2.245854436000916179e-03
2.046918430310997340e-03
1.865604018311867304e-03
1.700350293202733572e-03
1.549734612069917847e-03
1.412460348581330832e-03
1.287345730537561503e-03
1.173313666183855523e-03
1.069382471699301161e-03
9.746574200376783344e-04
8.883230383652875083e-04
8.096360877856240102e-04
7.379191649144843787e-04
6.725548702224724363e-04
6.129804929411010808e-04
5.586831667757064489e-04
5.091954547214653896e-04
4.640913249729117251e-04
4.229824832842002261e-04
3.855150302059869201e-04
3.513664144216217854e-04
3.202426559544025992e-04
2.918758153409294087e-04
2.660216869830801974e-04
2.424576968210365678e-04
2.209809862287679652e-04
2.014066656365356121e-04
1.835662228461280496e-04
1.673060723362758179e-04
1.524862330694384675e-04
1.389791234174202032e-04
1.266684628315190150e-04
1.154482708018633518e-04
1.052219544881370617e-04
9.590147716725167697e-05
8.740660033926469250e-05
7.966419296695479465e-05
7.260760190240811440e-05
6.617607808071779263e-05
6.031425354099201276e-05
5.497166477242541356e-05
5.010231828199817185e-05
4.566429464384397956e-05
4.161938762161070132e-05
3.793277525707708332e-05
3.457272009347822053e-05
3.151029595281172461e-05
2.871913891499335318e-05
2.617522035508168781e-05
2.385664008468553821e-05
2.174343781674148757e-05
1.981742133059202464e-05
1.806200985806479802e-05
1.646209134228891240e-05
1.500389234041192503e-05
1.367485945023137404e-05
1.246355123996099300e-05
1.135953975077271663e-05
1.035332072416541182e-05
9.436231781322066862e-06
8.600377850074802087e-06
7.838563197490063634e-06
7.144229482953618640e-06
6.511399298464153542e-06
5.934624710082919402e-06
5.408940357540979368e-06
4.929820708246057938e-06
4.493141097695592476e-06
4.095142220899104537e-06
3.732397769122238181e-06
