2.150000000000003553e+01 2.380000000000006821e+01 2.300000000000005684e+01 2.840000000000013358e+01 2.760000000000012221e+01 2.910000000000014353e+01 2.860000000000013642e+01 2.810000000000012932e+01 2.950000000000014921e+01 3.020000000000015916e+01 3.020000000000015916e+01
3.870000000000032969e+01 4.246666666666722989e+01 4.313333333333391550e+01 4.460000000000074749e+01 4.580000000000079297e+01 4.656666666666752263e+01 4.693333333333420399e+01 4.710000000000086828e+01 4.730000000000089955e+01 4.806666666666762211e+01 4.933333333333435178e+01
4.950000000000029132e+01 5.237777777777830579e+01 5.544444444444498288e+01 5.660000000000070486e+01 5.766666666666741747e+01 5.887777777777859001e+01 5.995555555555637994e+01 6.065555555555637568e+01 5.996666666666752121e+01 6.020000000000091234e+01 6.208888888888986202e+01
6.117407407407525710e+01 6.520740740740862407e+01 6.560740740740833132e+01 6.741481481481552862e+01 6.842222222222272876e+01 6.924814814814848773e+01 6.946666666666691015e+01 7.001851851851860431e+01 7.175925925925915294e+01 7.151851851851849062e+01 7.201481481481462765e+01
6.779135802469303940e+01 7.269382716049561566e+01 7.289629629629777696e+01 7.470370370370497426e+01 7.579012345679119278e+01 7.705061728395155285e+01 7.720987654321071147e+01 7.797901234567970619e+01 7.788271604938307746e+01 7.849135802469186274e+01 7.837530864197560732e+01
7.620617283950849696e+01 7.810617283950837475e+01 8.078436213991977866e+01 8.136707818930219105e+01 8.334897119341728455e+01 8.346378600823187810e+01 8.445267489712072972e+01 8.465555555555675937e+01 8.507283950617375012e+01 8.635308641975419164e+01 8.606584362140006306e+01
7.984951989026519925e+01 8.181975308642424238e+01 8.387462277092305385e+01 8.485240054870077131e+01 8.610562414266452436e+01 8.655404663923515329e+01 8.735857338820619589e+01 8.742976680384379051e+01 8.889176954732836577e+01 8.927654320987944914e+01 8.898052126200542489e+01
8.291051668953301146e+01 8.591668952903890499e+01 8.719899405578752294e+01 8.842258802012212016e+01 8.970507544581883508e+01 9.075633287608847866e+01 9.197055326932098751e+01 9.173155006858918625e+01 9.207567443987461786e+01 9.263017832647688010e+01 9.264435299497225174e+01
8.556767261088917564e+01 8.787541533303419783e+01 9.000832190215527362e+01 9.100951074531909057e+01 9.187450083829170921e+01 9.283211400701576110e+01 9.415948788294919325e+01 9.418581008992990178e+01 9.496694101509476127e+01 9.566191129401541104e+01 9.513372961439256414e+01
8.729228776101420806e+01 8.977691408830025921e+01 9.151703500482875597e+01 9.286678859929989471e+01 9.405433114870615441e+01 9.475182136869339899e+01 9.602196819590473353e+01 9.619656048366542223e+01 9.673317583701768285e+01 9.770387644159934837e+01 9.717049230300176532e+01
8.921893173466868632e+01 9.208160341412096273e+01 9.382692678962422406e+01 9.526338803367477226e+01 9.626190790699791933e+01 9.703396670562345605e+01 9.781508238920692122e+01 9.863304543684682812e+01 9.898930887907391707e+01 9.937213161950718643e+01 9.986710020492139961e+01
9.193577142146791914e+01 9.426894838749294081e+01 9.586397850372645735e+01 9.732703009364780655e+01 9.858682901770143303e+01 9.940397579410789319e+01 1.000983838281126594e+02 1.007313705566513420e+02 1.009315602296367729e+02 1.014323053734970728e+02 1.020613817902596736e+02
9.285063346635605797e+01 9.516685426979680074e+01 9.677113320198537849e+01 9.801606688229986730e+01 9.925813890910629311e+01 1.001261541732655900e+02 1.006941617225511862e+02 1.014396757118764469e+02 1.016784021180079662e+02 1.022970696652952967e+02 1.028213261679005370e+02
9.360749490535221184e+01 9.580142580894157334e+01 9.758297371360379202e+01 9.887415147369401325e+01 9.998674007712838829e+01 1.009400499773184805e+02 1.016452482966054163e+02 1.022263388911725173e+02 1.026007145979795183e+02 1.031397395634308651e+02 1.034497318297418786e+02
9.413433486606376732e+01 9.647384898376392925e+01 9.822456750190856667e+01 9.949176685026289135e+01 1.005978470276546659e+02 1.015689694622771384e+02 1.022104537160944062e+02 1.028915685424741042e+02 1.031470798368188753e+02 1.036107440796716901e+02 1.040118543105791105e+02
9.471621099083071726e+01 9.689632576195029401e+01 9.889916015205047017e+01 1.000158664210400303e+02 1.010532084847917531e+02 1.020231890902839922e+02 1.027838803052976289e+02 1.034535768403749927e+02 1.038029464892249507e+02 1.040866584611529788e+02 1.045695236577851119e+02
9.539080364097262077e+01 9.762192011324262353e+01 9.952503475930241450e+01 1.007501386737221338e+02 1.018392436580444382e+02 1.027066118856997008e+02 1.034810050502761385e+02 1.040521997923853661e+02 1.046223230730804516e+02 1.047629257940192247e+02 1.054650221836561741e+02
9.580125315233968308e+01 9.815629614621680332e+01 9.997790956635479631e+01 1.012295039165971673e+02 1.023536249942482641e+02 1.031991715985247140e+02 1.039987357519288054e+02 1.044995938196123717e+02 1.050442416237117271e+02 1.052900956164822617e+02 1.058430944956844399e+02
9.602725074018505325e+01 9.835089766197826577e+01 1.001370551731249492e+02 1.014127378890179045e+02 1.025317165065862923e+02 1.034312589417311870e+02 1.041687752544004866e+02 1.046491311457016735e+02 1.052286935472046849e+02 1.055233332468124985e+02 1.060302529771156657e+02
9.622640829512168636e+01 9.853079354625624831e+01 1.002701276050758139e+02 1.015730563375444717e+02 1.026840957184947740e+02 1.035846305582169293e+02 1.043053662116707301e+02 1.048417478522881794e+02 1.053754792060413337e+02 1.056787798910506950e+02 1.061798805217871973e+02
9.626042070654770555e+01 9.856772302568255384e+01 1.002985464634291191e+02 1.016159402444352793e+02 1.027222581854263552e+02 1.036193947912925069e+02 1.043490921588090430e+02 1.048756399722502692e+02 1.054048904689720558e+02 1.057194985515907746e+02 1.062079084328827321e+02
9.632824504364255347e+01 9.865920468402242705e+01 1.003897474416864242e+02 1.017152007507777540e+02 1.028152234384883741e+02 1.037160690311598898e+02 1.044240537894320511e+02 1.049574983134735220e+02 1.055143356525962872e+02 1.058226685305118764e+02 1.062814466145155734e+02
9.635418790270277611e+01 9.869033344175105071e+01 1.004184169072630226e+02 1.017465968228707283e+02 1.028415138062222525e+02 1.037500179554324120e+02 1.044618654062694389e+02 1.049953901246202150e+02 1.055439674498845477e+02 1.058487316810360568e+02 1.063068147476924423e+02
