4.537784493854967276e-07
4.692658855880360640e-06
2.641898307329016525e-05
9.970967597582650586e-05
2.980256946723827075e-04
7.392852608472397571e-04
1.506480337287321915e-03
2.568445227351874669e-03
4.445436530370444270e-03
6.029368641485773582e-03
9.532674982651132001e-03
1.315891631478626096e-02
1.591721347411820600e-02
1.994064959719706737e-02
2.322853981112074639e-02
2.707544491600236136e-02
2.968663289350326542e-02
3.267294928467331938e-02
3.536504731218130526e-02
3.654192076682959145e-02
3.968270179892223470e-02
4.017551755805620628e-02
4.011667388532379891e-02
4.038147041261966330e-02
4.012402934441534202e-02
3.932963976252774885e-02
3.857938293518945599e-02
3.704209198505512002e-02
3.535769185308974827e-02
3.471041145303318393e-02
3.232724270737038358e-02
2.999556217534844749e-02
2.927472718437636526e-02
2.774479169333358280e-02
2.538368932494543956e-02
2.467756525215645744e-02
2.259597032924728563e-02
2.133818682459191762e-02
1.983031771082379227e-02
1.838129226978807776e-02
1.733681707878771336e-02
1.523315577860388272e-02
1.423281334215283078e-02
1.318098269206091633e-02
1.243072586472262694e-02
1.139360613281369811e-02
nan
nan
nan
nan
7.496068408723678862e-03
nan
nan
nan
nan
4.669301592036273138e-03
nan
nan
nan
nan
3.022164551978994123e-03
nan
nan
nan
nan
1.886345406697809536e-03
nan
nan
nan
nan
1.176132869309008113e-03
nan
nan
nan
nan
7.326543392610544801e-04
nan
nan
nan
nan
4.990388323407501849e-04
nan
nan
nan
nan
3.107760733576836096e-04
nan
nan
nan
nan
1.895665834823616368e-04
nan
nan
nan
nan
1.190621050218819714e-04
nan
nan
nan
nan
8.137313783052555220e-05
nan
nan
nan
nan
4.644965931424026317e-05
nan
nan
nan
nan
2.344863350731745603e-05
nan
nan
nan
nan
1.754492068747453889e-05
nan
nan
nan
nan
9.914699157610421421e-06
nan
nan
nan
nan
1.018221735916044887e-05
nan
nan
nan
nan
1.149983992173119936e-06
1.346249515350105721e-05
