2.693333333333333603e-03
1.274666666666666830e-02
3.383333333333334025e-02
5.687333333333333824e-02
7.570000000000001728e-02
9.018000000000001015e-02
9.596666666666668621e-02
9.334000000000002017e-02
8.776000000000001855e-02
8.132000000000001727e-02
6.827333333333335252e-02
5.915333333333334248e-02
4.918000000000000843e-02
3.828000000000000846e-02
3.330000000000001015e-02
2.629333333333333522e-02
2.099333333333333607e-02
1.636000000000000301e-02
1.262000000000000101e-02
9.753333333333334340e-03
8.180000000000001506e-03
6.080000000000001202e-03
4.600000000000000790e-03
4.166666666666667476e-03
2.640000000000000419e-03
2.080000000000000251e-03
1.620000000000000129e-03
1.380000000000000150e-03
1.133333333333333632e-03
9.266666666666667843e-04
5.133333333333334149e-04
4.333333333333333677e-04
3.733333333333333729e-04
2.933333333333333799e-04
2.333333333333333581e-04
1.600000000000000402e-04
1.333333333333333668e-04
1.600000000000000402e-04
1.266666666666666917e-04
3.333333333333334171e-05
1.333333333333333499e-05
2.000000000000000502e-05
3.333333333333334171e-05
1.333333333333333499e-05
1.333333333333333499e-05
6.666666666666667494e-06
6.666666666666667494e-06
6.666666666666667494e-06
