7.180000000000019611e+01 7.430000000000005400e+01 7.440000000000004832e+01 7.520000000000000284e+01 7.589999999999996305e+01 7.549999999999998579e+01 7.529999999999999716e+01 7.559999999999998010e+01 7.599999999999995737e+01 7.589999999999996305e+01 7.529999999999999716e+01 7.480000000000002558e+01
9.379999999999894555e+01 9.589999999999882618e+01 9.679999999999877502e+01 9.726666666666541516e+01 9.756666666666539811e+01 9.749999999999873523e+01 9.843333333333201551e+01 9.826666666666535832e+01 9.779999999999871818e+01 9.796666666666537537e+01 9.763333333333206099e+01 9.773333333333205530e+01
1.131777777777797525e+02 1.144333333333350566e+02 1.152444444444461027e+02 1.160666666666683540e+02 1.161444444444460800e+02 1.164777777777794796e+02 1.163444444444459265e+02 1.165333333333348804e+02 1.167333333333350112e+02 1.161000000000015433e+02 1.159444444444460345e+02 1.156888888888904177e+02
1.284370370370365322e+02 1.294259259259252133e+02 1.301777777777770098e+02 1.304370370370363901e+02 1.309296296296288631e+02 1.309370370370363901e+02 1.314555555555545823e+02 1.309333333333325413e+02 1.312518518518511712e+02 1.308259259259250769e+02 1.307888888888880672e+02 1.310666666666656965e+02
1.472814814814688589e+02 1.493370370370235207e+02 1.500296296296160961e+02 1.505061728394926206e+02 1.506629629629495071e+02 1.509074074073939187e+02 1.510901234567765243e+02 1.510222222222085122e+02 1.508469135802336325e+02 1.506975308641839035e+02 1.505222222222087112e+02 1.507999999999863405e+02
1.607135802469019836e+02 1.624925925925800811e+02 1.632773662551315113e+02 1.636748971193290174e+02 1.637790123456665583e+02 1.641814814814690067e+02 1.641666666666540664e+02 1.642041152263247454e+02 1.639497942386708473e+02 1.637477366255017728e+02 1.637567901234442900e+02 1.637843621399050278e+02
1.698614540466184621e+02 1.723164609053274319e+02 1.726271604938052633e+02 1.732792866940793317e+02 1.733570644718572282e+02 1.735312757201427587e+02 1.735866941014868701e+02 1.736592592592370750e+02 1.736419753086199762e+02 1.734223593964111387e+02 1.733436213991548414e+02 1.732307270232974759e+02
1.775929583904857623e+02 1.797436213991711895e+02 1.804932784636445149e+02 1.810927297667991240e+02 1.812992684042023654e+02 1.815144490169141420e+02 1.815054869684455809e+02 1.814375857338772278e+02 1.813968907178737027e+02 1.812416552354775376e+02 1.811804755372610600e+02 1.810032007315910221e+02
1.835471726870712814e+02 1.853895900015035920e+02 1.863733577198400440e+02 1.868947721383736109e+02 1.871052126200079044e+02 1.873594116750302021e+02 1.874206828227205790e+02 1.873332723669969653e+02 1.872574607529139712e+02 1.872231824416804216e+02 1.870449474165323807e+02 1.867857338820102484e+02
1.903701976324377370e+02 1.917313874917069541e+02 1.928712289792854904e+02 1.933250114311474874e+02 1.936134887974028231e+02 1.937714423613925021e+02 1.938717319513934001e+02 1.938519534623413563e+02 1.937709393892836260e+02 1.937106487831763957e+02 1.934595793323820487e+02 1.934240715337735708e+02
1.932749038933479540e+02 1.947991041338264608e+02 1.958158207590022357e+02 1.963268302595866430e+02 1.967436349472195047e+02 1.968235516265877152e+02 1.969498535114624360e+02 1.969526190113010387e+02 1.968577317143106029e+02 1.967471506714473151e+02 1.965429033514258492e+02 1.963547900895576106e+02
1.960125534160460745e+02 1.977263543836033364e+02 1.986390218292846725e+02 1.991315336979589574e+02 1.994662551439906508e+02 1.996363477789207082e+02 1.997302788079527147e+02 1.996775514120609500e+02 1.996000056449862541e+02 1.995449174978533335e+02 1.993684166256970514e+02 1.991826155678175780e+02
1.975601886191929850e+02 1.992747603214131686e+02 2.000779834449596137e+02 2.006090320467799870e+02 2.008859483930925478e+02 2.010791630679102582e+02 2.011939039328411525e+02 2.011373228636347790e+02 2.010952308910544843e+02 2.010362890706069550e+02 2.008050660373832272e+02 2.006878603645037913e+02
1.989038360481951599e+02 2.005002284354361848e+02 2.013640826857980244e+02 2.019084906884421287e+02 2.022141811288365716e+02 2.023986608108079963e+02 2.024553396644665213e+02 2.024331847435366853e+02 2.023422795756389121e+02 2.022730612930192819e+02 2.021189117260863100e+02 2.019451855112603198e+02
1.996588134691054961e+02 2.012623993798669915e+02 2.021389279335744220e+02 2.027004633731720276e+02 2.029790924631799385e+02 2.031327427586350609e+02 2.032308700097210590e+02 2.032128256736600633e+02 2.031301416754999707e+02 2.030280387139296181e+02 2.029016355948613182e+02 2.027303072212088182e+02
2.001297038024137578e+02 2.017542993691715481e+02 2.026180394366203643e+02 2.031770628521314563e+02 2.034527231864007604e+02 2.036187052364624037e+02 2.036960511973781536e+02 2.036830309094901850e+02 2.036010320088082324e+02 2.034902511458481058e+02 2.033782350738207469e+02 2.032162696990361610e+02
2.006762593460854873e+02 2.022972010596265307e+02 2.032114860965736796e+02 2.037294036633963685e+02 2.040198316544166914e+02 2.041856614605943037e+02 2.042687926891032362e+02 2.042668862047495395e+02 2.041873232062120849e+02 2.040896353172786348e+02 2.039415374447359000e+02 2.037923605562099283e+02
2.011998768111809852e+02 2.027950385603618315e+02 2.037054667522472187e+02 2.042205424332349253e+02 2.045157407326211114e+02 2.046922276106799075e+02 2.047732274248126032e+02 2.047620848114952139e+02 2.046860741702514872e+02 2.045862548669418004e+02 2.044245565407602214e+02 2.042935474223936012e+02
