2.707424842086915764e-03
1.334523896674056492e-02
3.316807713974265215e-02
5.551557224602263890e-02
7.457921594770083873e-02
8.897440462177931553e-02
9.648123697850345681e-02
9.541215112884036953e-02
8.842858697374925137e-02
8.002795379784993779e-02
6.807960416132562143e-02
5.972009429162424693e-02
4.965120428145059633e-02
3.864676900963661538e-02
3.361905454600051107e-02
2.654525548136656143e-02
2.119447502809921474e-02
1.651674871989694537e-02
1.274091496608187150e-02
9.846782142302121579e-03
7.918243352065548746e-03
6.266210496324979735e-03
4.323772865299063337e-03
4.113447915357679521e-03
2.617619131397236690e-03
2.078957222312971618e-03
1.593612755282547118e-03
1.363045689563371042e-03
1.155936455824150113e-03
8.846276870707197888e-04
4.877941837641846948e-04
4.248550800319874092e-04
3.643341110865344059e-04
2.863608778472797743e-04
2.342849418434540798e-04
1.561539553205301418e-04
1.154104553706415253e-04
1.191682530619724814e-04
9.436310248245964312e-05
4.099822237347900187e-05
3.846503109496907314e-05
2.358344920745087363e-05
2.085524407456298238e-05
2.126794005697575882e-05
1.841011344017758530e-05
9.270588885345819026e-06
1.008897873107074792e-05
2.463118414702448936e-06
4.144018403406883708e-06
1.148949321018312302e-05
