4.520000000000000580e-03
2.006000000000000491e-02
4.650000000000000661e-02
7.253000000000001113e-02
8.811000000000000776e-02
1.002000000000000113e-01
1.049000000000000071e-01
9.394000000000000961e-02
8.903000000000001191e-02
7.363000000000001488e-02
6.432000000000001605e-02
5.717000000000000554e-02
3.646000000000000629e-02
3.471000000000000474e-02
2.905000000000000290e-02
2.115000000000000213e-02
1.507000000000000180e-02
1.180000000000000146e-02
9.090000000000002592e-03
6.370000000000000662e-03
6.140000000000000492e-03
3.820000000000000479e-03
3.980000000000000898e-03
1.400000000000000203e-03
1.310000000000000183e-03
9.800000000000001852e-04
1.420000000000000255e-03
6.200000000000001083e-04
8.000000000000001468e-04
1.400000000000000148e-04
2.000000000000000367e-04
1.500000000000000140e-04
1.700000000000000393e-04
5.000000000000000917e-05
6.000000000000000830e-05
6.000000000000000830e-05
2.000000000000000502e-05
2.000000000000000502e-05
1.000000000000000251e-05
1.000000000000000251e-05
3.000000000000000415e-05
