4.870000000000042206e+01 4.810000000000041354e+01 4.970000000000043627e+01 5.010000000000044196e+01 5.040000000000044622e+01 5.060000000000044906e+01 5.050000000000044764e+01 5.070000000000045048e+01 5.060000000000044906e+01 5.030000000000044480e+01 5.050000000000044764e+01 4.980000000000043769e+01
8.176666666666683625e+01 8.223333333333350481e+01 8.310000000000006537e+01 8.376666666666667993e+01 8.366666666666667140e+01 8.393333333333330870e+01 8.403333333333331723e+01 8.363333333333332575e+01 8.379999999999998295e+01 8.330000000000002558e+01 8.316666666666669983e+01 8.360000000000002274e+01
1.076333333333375464e+02 1.081000000000042149e+02 1.093222222222263866e+02 1.094111111111151331e+02 1.099777777777818955e+02 1.097555555555595674e+02 1.097666666666706732e+02 1.097666666666707442e+02 1.093555555555595333e+02 1.094333333333374441e+02 1.094777777777819239e+02 1.091111111111151217e+02
1.244925925925940504e+02 1.254629629629643404e+02 1.263592592592606394e+02 1.265370370370382602e+02 1.272518518518531465e+02 1.271777777777789424e+02 1.272185185185196730e+02 1.267740740740753722e+02 1.270148148148159066e+02 1.267962962962975695e+02 1.269296296296309237e+02 1.265037037037048719e+02
1.343493827160470175e+02 1.352012345678981831e+02 1.362358024691320111e+02 1.365320987654279463e+02 1.368716049382672395e+02 1.370740740740694719e+02 1.369962962962917175e+02 1.367888888888846282e+02 1.373654320987605786e+02 1.367518518518475901e+02 1.365296296296255321e+02 1.363407407407366634e+02
1.433041152263357674e+02 1.443534979423844788e+02 1.448086419753055054e+02 1.453024691357989866e+02 1.455761316872390978e+02 1.459629629629590397e+02 1.457139917695434121e+02 1.456646090534943596e+02 1.457407407407365270e+02 1.452983539094614116e+02 1.454185185185150999e+02 1.452427983539060676e+02
1.489315500685797815e+02 1.502794238683044625e+02 1.508311385459441851e+02 1.512459533607587332e+02 1.515986282578777775e+02 1.516430727023223426e+02 1.517628257887417362e+02 1.514764060356558844e+02 1.513593964334606596e+02 1.512593964334609211e+02 1.511337448559579286e+02 1.510984910836669997e+02
1.536430269775980832e+02 1.549265203475100918e+02 1.556538180155480120e+02 1.561915409236412984e+02 1.563803383630553583e+02 1.564891632373125958e+02 1.567025605852776948e+02 1.564980795610443352e+02 1.564688614540482092e+02 1.562518061271163390e+02 1.560325102880676411e+02 1.559094650205776134e+02
1.570610425239997312e+02 1.585708428593127621e+02 1.593566681908164639e+02 1.596251638469671548e+02 1.599661332113922469e+02 1.600983691510357971e+02 1.601088705989861865e+02 1.601502057613091097e+02 1.599766194177640557e+02 1.598454046639153319e+02 1.597665752171845099e+02 1.595420819996871273e+02
1.600862724178088001e+02 1.615102321800386846e+02 1.623975054615497413e+02 1.628038662805309400e+02 1.630407864654613093e+02 1.631131941268953938e+02 1.632225422953657699e+02 1.631364172128076575e+02 1.630746837372194307e+02 1.628758370166991369e+02 1.626721485545746475e+02 1.625517045165719878e+02
1.615256194008269972e+02 1.629114277972419416e+02 1.638108401496941156e+02 1.642935037003051946e+02 1.644697285305299772e+02 1.646201730765855302e+02 1.646358769835101441e+02 1.645636251248847373e+02 1.645227014851955687e+02 1.642943741638182757e+02 1.641877982692227249e+02 1.639910514995901849e+02
1.631106352351256135e+02 1.646120538309788230e+02 1.654201341258747675e+02 1.658530852907273925e+02 1.661645740542949454e+02 1.662317792567549475e+02 1.663099126713762246e+02 1.661983533449418076e+02 1.661551175012638737e+02 1.659476000157854685e+02 1.658236825912741779e+02 1.656535261675124389e+02
1.644994990977106397e+02 1.659500492058110126e+02 1.668159346004260897e+02 1.671772074416269902e+02 1.674486180027226112e+02 1.675898137328231030e+02 1.676887569833432678e+02 1.675687195756167114e+02 1.675000494880623592e+02 1.672832831866288927e+02 1.671393266608816361e+02 1.670046240316142985e+02
1.660661457558474012e+02 1.675387902576177908e+02 1.684329359232061449e+02 1.688707684075891962e+02 1.691277919216438761e+02 1.692484347274001664e+02 1.693114103603179785e+02 1.691908591294828170e+02 1.690713205541765660e+02 1.689203236106445445e+02 1.687614662147477418e+02 1.686509132715848409e+02
1.664504854410839698e+02 1.679056599571617880e+02 1.688015183664454923e+02 1.692314722298299330e+02 1.694922637800143832e+02 1.696159895244223037e+02 1.696799928035573259e+02 1.695721158760677554e+02 1.694443561310238238e+02 1.693050058446201831e+02 1.691187445495977784e+02 1.690266892383446589e+02
1.670453784179355807e+02 1.685007812998394456e+02 1.693884185393854693e+02 1.697864011871233743e+02 1.700357744460054903e+02 1.701814233097138924e+02 1.702330948342423937e+02 1.701432588070105112e+02 1.700280591823991472e+02 1.698574227778271108e+02 1.697143226239275293e+02 1.695809330981599601e+02
1.680643467337558832e+02 1.695215765422681216e+02 1.704538212398352641e+02 1.708719000802652772e+02 1.711282765578128249e+02 1.712404317670343801e+02 1.713027603634450600e+02 1.711928281435210693e+02 1.711070115885277119e+02 1.709461187925336674e+02 1.708021051753298991e+02 1.706525777978550309e+02
1.684348068515303680e+02 1.698850334413778285e+02 1.708127108224244637e+02 1.712234819564216650e+02 1.714798584339692127e+02 1.715947540331030723e+02 1.716523123211478890e+02 1.715367978254766115e+02 1.714605218872149806e+02 1.712983096442261228e+02 1.711631261722953354e+02 1.710048701454701643e+02
