4.294988739066545394e-03
1.831417817272318338e-02
4.630976770794600905e-02
6.983421238407631904e-02
9.024250223210260324e-02
1.012300971327021459e-01
1.072276777394423480e-01
9.552995923035419168e-02
8.851428657814741641e-02
7.526022134697150923e-02
6.574398962469527041e-02
5.612112085486737484e-02
3.579108039825849852e-02
3.407318707140846031e-02
2.851702922571062310e-02
2.076196792164473892e-02
1.479351567750289594e-02
1.158350928961739655e-02
8.923228766323905436e-03
6.049405467423860788e-03
6.006419639071369429e-03
3.660456465373751554e-03
3.980137103550847495e-03
1.423134645334976373e-03
1.381970678126520592e-03
1.008877162571341843e-03
1.365164005417616100e-03
5.232653724861857474e-04
6.340213419115938928e-04
1.352067219634960592e-04
2.319915902967134959e-04
1.509430851797808530e-04
1.673034355262453788e-04
7.116332892321205485e-05
3.709971963198911558e-05
4.129508849534689119e-05
3.150921049422370136e-05
1.850996604040678278e-05
3.439378343865777312e-06
7.721756359120401605e-06
5.138564916798649600e-07
5.516292695013410325e-07
3.379258154853927815e-06
