2.361999999999999864e-02
7.856000000000000483e-02
1.378300000000000081e-01
1.497799999999999965e-01
1.500900000000000012e-01
1.366700000000000137e-01
9.132999999999999452e-02
7.338000000000000078e-02
5.727000000000000146e-02
3.105000000000000121e-02
2.987000000000000072e-02
8.420000000000000401e-03
1.307999999999999961e-02
8.250000000000000389e-03
5.230000000000000274e-03
4.000000000000000327e-05
2.589999999999999854e-03
1.440000000000000091e-03
6.300000000000000261e-04
4.699999999999999859e-04
1.700000000000000122e-04
1.600000000000000131e-04
6.000000000000000152e-05
1.000000000000000082e-05
