4.890000000000042490e+01 4.970000000000043627e+01 5.090000000000045333e+01 5.050000000000044764e+01 5.030000000000044480e+01 5.080000000000045191e+01 5.020000000000044338e+01 5.020000000000044338e+01 4.920000000000042917e+01 4.930000000000043059e+01
6.883333333333423809e+01 6.976666666666748995e+01 7.043333333333407609e+01 7.076666666666740468e+01 7.056666666666741605e+01 7.060000000000073328e+01 7.006666666666744447e+01 6.993333333333411872e+01 7.013333333333414998e+01 6.890000000000088676e+01
8.727777777778156576e+01 8.772222222222585231e+01 8.807777777778127870e+01 8.814444444444789895e+01 8.825555555555907006e+01 8.824444444444793589e+01 8.797777777778135544e+01 8.762222222222577273e+01 8.773333333333690121e+01 8.672222222222589494e+01
1.051148148148156878e+02 1.055296296296303495e+02 1.061518518518523990e+02 1.061000000000005201e+02 1.061222222222228169e+02 1.060518518518524331e+02 1.053111111111118561e+02 1.053111111111117708e+02 1.052148148148155258e+02 1.046481481481488913e+02
1.183691358024710212e+02 1.194160493827178300e+02 1.198802469135818427e+02 1.196506172839521724e+02 1.202456790123473525e+02 1.198395061728411406e+02 1.196913580246932014e+02 1.192765432098782696e+02 1.192987654321005522e+02 1.181592592592610345e+02
1.300497942386859052e+02 1.311362139917722232e+02 1.317847736625539312e+02 1.320423868312782076e+02 1.318473251028832181e+02 1.316781893004140613e+02 1.314773662551467623e+02 1.311020576131713540e+02 1.308872427983565672e+02 1.303403292181097015e+02
1.361074074074041107e+02 1.374220850480073466e+02 1.378775034293516626e+02 1.379946502057578357e+02 1.379751714677604753e+02 1.378674897119304887e+02 1.374823045267456791e+02 1.372737997256480185e+02 1.371731138545916906e+02 1.366262002743448249e+02
1.395780978509418162e+02 1.408986282578916587e+02 1.413950160036622208e+02 1.415004572473751807e+02 1.415336534064972795e+02 1.414201188843206864e+02 1.410817558299087295e+02 1.407737540009187569e+02 1.405326017375438710e+02 1.402022405121214490e+02
1.443773662551359109e+02 1.455184118274573564e+02 1.461435604328526381e+02 1.460890260630924615e+02 1.462197683279908631e+02 1.462076817558216248e+02 1.456625209571639061e+02 1.454949855204918094e+02 1.452889498551963925e+02 1.447361835086040003e+02
1.459979322257662204e+02 1.470739470609034640e+02 1.476964944368113777e+02 1.476835797388490903e+02 1.478169232332348599e+02 1.477241985469572114e+02 1.472466697149710626e+02 1.470661281308621255e+02 1.468080678758193471e+02 1.462318904638406423e+02
1.495806923063874194e+02 1.507503514030704252e+02 1.513572914020540452e+02 1.514917797083767539e+02 1.514066199258224117e+02 1.513572490643344679e+02 1.509039983742305537e+02 1.507026469542225584e+02 1.504376500872134272e+02 1.497747650256553129e+02
1.522489757094225808e+02 1.533897322562460204e+02 1.540394480290217984e+02 1.540987897057096347e+02 1.540795277368351037e+02 1.539885372035493845e+02 1.535757500832488631e+02 1.533339350934374750e+02 1.530643138184508132e+02 1.525343804862467039e+02
1.533079651362770903e+02 1.544649071110218870e+02 1.550760861506515766e+02 1.551739645604855014e+02 1.551916978554312152e+02 1.550544632423701898e+02 1.546601737539797909e+02 1.544229831721459334e+02 1.541888156916536730e+02 1.536026187290562746e+02
1.542009896990326467e+02 1.554272977934391236e+02 1.559850392297738892e+02 1.560967908635401500e+02 1.561201762126805193e+02 1.559865383613797292e+02 1.555891659343377000e+02 1.553622518146759433e+02 1.551388746194643886e+02 1.544853668296397302e+02
1.552015745658561912e+02 1.563799258367928644e+02 1.569551372588202014e+02 1.570384573472436500e+02 1.570454003569086581e+02 1.569590342315995315e+02 1.565496725986900515e+02 1.562909014462947823e+02 1.561052046123809305e+02 1.554585477973376726e+02
1.559650015223302546e+02 1.571689297657841564e+02 1.577649224779817416e+02 1.578375093725809961e+02 1.578362312125083236e+02 1.577642521342401380e+02 1.573480395265492575e+02 1.570940640565009687e+02 1.569017446136317631e+02 1.562959652814508615e+02
1.565520539391542627e+02 1.577141151144996059e+02 1.583341623603741084e+02 1.584105553520741410e+02 1.583984678762352587e+02 1.583243573835906375e+02 1.579054043859871967e+02 1.576710683769789227e+02 1.574457120112749635e+02 1.568537868725408941e+02
1.566531438781414920e+02 1.578164230045589704e+02 1.584345418279025921e+02 1.585093108848397776e+02 1.585013847418306909e+02 1.584298116472530182e+02 1.580074077882785275e+02 1.577762181528732697e+02 1.575453810073447016e+02 1.569510199664663617e+02
