2.350632019706065320e-02
7.522987725424007399e-02
1.395840989272244259e-01
1.504207453099036529e-01
1.492332015091966113e-01
1.389254000340469086e-01
9.106133037602834324e-02
7.226526639657941675e-02
5.736913602212016794e-02
3.166289269798011619e-02
3.045960080156710423e-02
8.586201498131629598e-03
1.329218572254315701e-02
7.962757409900322880e-03
5.293355914643123848e-03
3.380020181746410936e-05
2.514248524076717964e-03
1.344330965638322259e-03
5.601949996312322521e-04
4.260081578354490473e-04
1.053127286779410225e-04
1.220991205439681156e-04
3.255936609189030728e-05
nan
9.075864521275968573e-06
