1.380000000000000150e-03
7.060000000000001170e-03
1.924000000000000363e-02
3.685000000000000775e-02
5.316000000000000586e-02
6.685000000000002052e-02
7.730000000000000759e-02
8.235000000000002041e-02
8.075000000000001621e-02
7.909000000000000752e-02
7.227000000000001478e-02
6.557000000000001716e-02
6.061000000000000415e-02
4.766000000000000791e-02
4.446000000000000646e-02
3.708000000000000879e-02
3.080000000000000446e-02
2.610000000000000514e-02
2.041000000000000453e-02
1.740000000000000227e-02
1.321000000000000126e-02
1.164000000000000104e-02
9.290000000000001382e-03
8.270000000000001308e-03
6.010000000000000585e-03
5.000000000000000971e-03
3.430000000000000323e-03
3.270000000000000337e-03
2.870000000000000589e-03
2.650000000000000445e-03
1.540000000000000136e-03
1.380000000000000150e-03
1.010000000000000264e-03
8.700000000000001135e-04
9.200000000000001362e-04
4.200000000000000716e-04
3.600000000000000769e-04
3.700000000000000489e-04
3.500000000000000507e-04
1.400000000000000148e-04
1.200000000000000166e-04
1.000000000000000183e-04
1.200000000000000166e-04
6.000000000000000830e-05
3.000000000000000415e-05
8.000000000000002010e-05
5.000000000000000917e-05
1.000000000000000251e-05
3.000000000000000415e-05
1.000000000000000251e-05
