1.506218157257447439e-03
6.991250200397469521e-03
1.970874421892387235e-02
3.662136885302821193e-02
5.440507939713657565e-02
6.845491105183369729e-02
7.941675717350614450e-02
8.287200874765054959e-02
8.092344828200140339e-02
7.996715120933953203e-02
7.231903418843491083e-02
6.461765575171250775e-02
5.960450114671367317e-02
4.686933714984899829e-02
4.372242403865477661e-02
3.646485567596309540e-02
3.028903869524442183e-02
2.566701006317790440e-02
2.007140518733567178e-02
1.711134004211860293e-02
1.299085068714866259e-02
1.144689644196899593e-02
9.135882125935787523e-03
8.101641721641262076e-03
6.290697786015274177e-03
4.840801758123482006e-03
3.508446798260556315e-03
3.032118823977017572e-03
3.013567148938226751e-03
2.451543457338241968e-03
1.469956266728580105e-03
1.304350797168287238e-03
1.019950080793630403e-03
6.995577753755181970e-04
7.872195296087789503e-04
4.259867090273548374e-04
3.316616999097574516e-04
3.903004340397472319e-04
3.681393080338156518e-04
1.318321386247464145e-04
1.665595058529512041e-04
8.692137906074569981e-05
8.782452930317789818e-05
6.261782522878737729e-05
8.819547367769178835e-05
4.061230837524705360e-05
4.217506274702514089e-05
7.642650612636555952e-06
1.878353734628340492e-05
1.364744079152529620e-05
1.113606784125491341e-05
2.894350022538075086e-05
