5.910000000000056986e+01 5.990000000000058122e+01 6.100000000000059686e+01 6.140000000000060254e+01 6.240000000000061675e+01 6.190000000000060965e+01 6.230000000000061533e+01 6.210000000000061249e+01 6.160000000000060538e+01 6.250000000000061817e+01 6.200000000000061107e+01 6.210000000000061249e+01 6.170000000000060680e+01
9.836666666666552317e+01 1.006333333333320326e+02 1.019999999999985789e+02 1.024666666666652048e+02 1.029999999999984794e+02 1.032999999999984766e+02 1.034333333333317881e+02 1.030999999999984880e+02 1.031999999999984965e+02 1.034999999999984510e+02 1.040666666666650997e+02 1.033666666666651395e+02 1.028999999999985135e+02
1.342333333333377823e+02 1.350777777777818471e+02 1.359111111111149910e+02 1.361111111111148944e+02 1.367777777777815231e+02 1.371222222222259859e+02 1.375666666666704430e+02 1.377222222222261223e+02 1.375555555555594083e+02 1.377666666666704600e+02 1.371333333333369353e+02 1.373666666666704543e+02 1.374333333333372309e+02
1.518925925925941556e+02 1.531518518518529675e+02 1.546962962962971062e+02 1.547777777777785104e+02 1.552666666666673905e+02 1.553740740740748549e+02 1.561148148148155599e+02 1.557666666666676178e+02 1.560444444444452756e+02 1.555444444444453325e+02 1.556814814814820522e+02 1.552333333333342011e+02 1.552703703703713529e+02
1.640012345678950112e+02 1.649246913580182365e+02 1.669432098765361445e+02 1.671629629629557314e+02 1.672962962962892846e+02 1.676407407407336336e+02 1.680456790123387520e+02 1.677765432098697715e+02 1.679555555555487274e+02 1.678308641975238515e+02 1.677901234567829079e+02 1.677765432098693452e+02 1.676950617283880547e+02
1.719946502057557041e+02 1.733526748971135305e+02 1.746995884773597822e+02 1.753407407407341339e+02 1.755399176954668690e+02 1.761477366255079460e+02 1.760522633744792813e+02 1.760465020576070287e+02 1.759489711934094203e+02 1.760481481481417632e+02 1.757967078189234371e+02 1.756777777777711833e+02 1.755436213991705472e+02
1.797554183813309123e+02 1.817192043895605593e+02 1.826008230452530938e+02 1.834877914951841262e+02 1.837747599451156759e+02 1.840489711934012576e+02 1.839973936899720002e+02 1.842813443072558357e+02 1.840872427983395312e+02 1.840371742112338893e+02 1.839613168724131924e+02 1.839916323730989234e+02 1.837960219478591171e+02
1.853213991769537756e+02 1.870686328303589789e+02 1.880263374485573991e+02 1.886206675811581022e+02 1.892236854138064075e+02 1.894159579332394969e+02 1.894521719250093383e+02 1.895722450845881895e+02 1.895420210333768694e+02 1.894802469135780143e+02 1.894629172382233833e+02 1.893059442158177035e+02 1.892800640146294882e+02
1.906240054869535925e+02 1.919927602499467412e+02 1.931572626123909231e+02 1.937789056546089910e+02 1.941751257430115345e+02 1.944688462124519788e+02 1.947118579484675820e+02 1.946485444291869840e+02 1.947041609510588103e+02 1.945175278158662877e+02 1.944611796982011356e+02 1.944953970431170092e+02 1.943680688919214390e+02
1.960319615911918163e+02 1.978273179901133290e+02 1.988331453538280584e+02 1.994339785601471817e+02 1.997963826652139403e+02 2.000120662500333424e+02 2.001822435604026396e+02 2.002021693847178199e+02 2.002577859065896462e+02 2.002454351470507845e+02 2.001760808819487920e+02 2.000542244576225812e+02 1.998852766346291219e+02
2.023113295737326496e+02 2.037078307845888787e+02 2.048766685295128980e+02 2.054341479110423165e+02 2.057531981913193704e+02 2.060885383325583575e+02 2.061806787583061862e+02 2.062214144185204248e+02 2.062544869515016046e+02 2.061970482141814500e+02 2.061502379379701040e+02 2.059798252298794239e+02 2.058195481718439055e+02
2.039425894878065719e+02 2.054257983482415000e+02 2.065194894635306468e+02 2.071694570046106776e+02 2.074445754091011906e+02 2.077776033463514125e+02 2.078813047920430677e+02 2.079243526562460715e+02 2.079065567014744147e+02 2.078780205140138264e+02 2.077930588719878529e+02 2.076862317735882186e+02 2.075918525292325114e+02
2.053869462461219655e+02 2.069110040436917473e+02 2.079384119779696221e+02 2.085976283350047140e+02 2.089660056337087610e+02 2.092512480218578332e+02 2.093742178341225326e+02 2.093856655771457440e+02 2.094225917834415327e+02 2.093902019226663356e+02 2.092898255873819267e+02 2.091999546515665713e+02 2.090955558565928811e+02
2.065677117496963433e+02 2.081472624429954692e+02 2.091952233016175455e+02 2.097825044234479321e+02 2.102387454737234407e+02 2.104628429119485133e+02 2.105899233090820530e+02 2.106378524928162221e+02 2.106408663739440783e+02 2.105982000509967804e+02 2.105420125030524048e+02 2.104094942492228313e+02 2.103251345554847376e+02
2.073672205066857828e+02 2.089327267016830376e+02 2.099782897191316238e+02 2.105707090720480608e+02 2.109920101509384267e+02 2.112013779933834883e+02 2.113685365929882209e+02 2.113942001086828384e+02 2.113817992965525434e+02 2.113452988509085060e+02 2.112846581693562200e+02 2.111637865726550274e+02 2.110910735360453145e+02
2.077757669694832998e+02 2.093504077975224220e+02 2.104140117152286962e+02 2.110119118479702536e+02 2.114158571240810716e+02 2.116275086247866000e+02 2.117896431762183056e+02 2.118082273513054758e+02 2.118152376343891490e+02 2.117714294823116177e+02 2.116925195346755970e+02 2.115661671581492840e+02 2.115137786800577260e+02
2.080708156167356151e+02 2.096411936160218659e+02 2.106819609511234717e+02 2.112806223032851847e+02 2.116830451405556914e+02 2.119132703951130168e+02 2.120775363609211581e+02 2.121014490719494177e+02 2.120961276004265699e+02 2.120619108130429993e+02 2.119674719892358041e+02 2.118470571241867049e+02 2.117838593303289372e+02
2.086440645880206262e+02 2.101791220062149534e+02 2.112155250166414078e+02 2.118350945288747766e+02 2.122309201311712172e+02 2.124606379061151529e+02 2.126091720039082134e+02 2.126517599647092140e+02 2.126279662352589810e+02 2.126160785508645574e+02 2.125155499716966858e+02 2.124029502926937880e+02 2.123221937042127365e+02
