2.182000000000000259e-02
7.828000000000001624e-02
1.371600000000000319e-01
1.515000000000000235e-01
1.472800000000000220e-01
1.394400000000000361e-01
9.100000000000001144e-02
7.422000000000000819e-02
5.766000000000000986e-02
3.214000000000000884e-02
2.848000000000000184e-02
8.620000000000000925e-03
1.418000000000000163e-02
8.420000000000002136e-03
4.860000000000000604e-03
2.600000000000000314e-03
1.180000000000000276e-03
4.200000000000000716e-04
5.000000000000001188e-04
1.400000000000000148e-04
1.000000000000000183e-04
