2.346146936396879476e-02
7.869993406412935377e-02
1.407241564096541608e-01
1.471954489049781267e-01
1.494279988562064454e-01
1.399297145732472103e-01
9.054726983630877191e-02
7.549075386445211477e-02
5.641067973278937608e-02
3.144362203627919933e-02
2.786292332275144140e-02
8.433230303445003392e-03
1.324712786683721055e-02
7.324478082518043331e-03
4.931262020182766541e-03
9.635698066012361913e-06
2.324667617485843153e-03
1.311564146639661440e-03
5.401050509220585959e-04
4.176432753131989820e-04
1.187486146995793055e-04
1.165014664062662033e-04
3.106489271937934882e-05
