4.270000000000033680e+01 4.380000000000035243e+01 4.520000000000037232e+01 4.450000000000036238e+01 4.510000000000037090e+01 4.560000000000037801e+01 4.510000000000037090e+01 4.420000000000035811e+01 4.380000000000035243e+01
7.350000000000085265e+01 7.366666666666746721e+01 7.473333333333403061e+01 7.470000000000072760e+01 7.476666666666736205e+01 7.426666666666737626e+01 7.376666666666741889e+01 7.360000000000079012e+01 7.366666666666746721e+01
9.705555555556009040e+01 9.855555555556024672e+01 9.931111111111565037e+01 9.936666666667125014e+01 9.943333333333788460e+01 9.942222222222686412e+01 9.883333333333800397e+01 9.826666666667131267e+01 9.864444444444914950e+01
1.140333333333350936e+02 1.148518518518538798e+02 1.154888888888907843e+02 1.158407407407426319e+02 1.159074074074092664e+02 1.157481481481501220e+02 1.154259259259278849e+02 1.149185185185204432e+02 1.148222222222242834e+02
1.226061728395085879e+02 1.239777777777805028e+02 1.244172839506198613e+02 1.244530864197556355e+02 1.245000000000025153e+02 1.244395061728421439e+02 1.239000000000026063e+02 1.239259259259285386e+02 1.238296296296323789e+02
1.286242798353938213e+02 1.296930041152294848e+02 1.302246913580277123e+02 1.303395061728425048e+02 1.304390946502087161e+02 1.303390946502088354e+02 1.298259259259289706e+02 1.295621399176985165e+02 1.296765432098797248e+02
1.334176954732490969e+02 1.346795610425221525e+02 1.351146776406016841e+02 1.352294924554164766e+02 1.352588477366236361e+02 1.350096021947857707e+02 1.348475994513011642e+02 1.346364883401899988e+02 1.344260631001355932e+02
1.379243255601361682e+02 1.391159579332499447e+02 1.397500685871141002e+02 1.398180612711560400e+02 1.398064471879369535e+02 1.396801097393778264e+02 1.394595793324271540e+02 1.390962962963042173e+02 1.389385459533692710e+02
1.418027587258019651e+02 1.430295076969952106e+02 1.436050906873935844e+02 1.437394147233634101e+02 1.437238987959132714e+02 1.436326779454336133e+02 1.433067977442445340e+02 1.431151958542878901e+02 1.427506477671071821e+02
1.452571914850267660e+02 1.466400142254620960e+02 1.471089468068783788e+02 1.471834425646387388e+02 1.471731290961633363e+02 1.471209266879941993e+02 1.467326169791082862e+02 1.464395671391442875e+02 1.462649088045414487e+02
1.472774797202270065e+02 1.484868871615035175e+02 1.490373249335244452e+02 1.491308963741922753e+02 1.490772290809271681e+02 1.490909244864383822e+02 1.486072363630151187e+02 1.484026283256221177e+02 1.481516672593893986e+02
1.485260698741602710e+02 1.497493505393693738e+02 1.503252225552667198e+02 1.504338233218615244e+02 1.504136829864335141e+02 1.503233292124502896e+02 1.499020705967236893e+02 1.497379261291340811e+02 1.494118184332664896e+02
1.493646291874191547e+02 1.506079489538642235e+02 1.512123381522896750e+02 1.512770070430979388e+02 1.512784472782317380e+02 1.511780739536305305e+02 1.507683763578477567e+02 1.505549048718311553e+02 1.502889144796714618e+02
1.503609321950043238e+02 1.515898649144084516e+02 1.521880882355306426e+02 1.522584091805335618e+02 1.522187435669789579e+02 1.521790013691931449e+02 1.517461817335231444e+02 1.515085605614021063e+02 1.512158513675949507e+02
1.516249370421727178e+02 1.527997470608037816e+02 1.533798152987552612e+02 1.534573297672786509e+02 1.534413000167198788e+02 1.533864856744149847e+02 1.529519532950496341e+02 1.527537252279216489e+02 1.524318993912935412e+02
1.525292657133175851e+02 1.537465517755933320e+02 1.543273051110229517e+02 1.543721632664216656e+02 1.543851359757708224e+02 1.543216437320761543e+02 1.538754646955824228e+02 1.537048688934060863e+02 1.534143291749463742e+02
1.526495383817021718e+02 1.538665199562098564e+02 1.544448373894949782e+02 1.544903045204298166e+02 1.545055608880394402e+02 1.544355221573314338e+02 1.539995434610677876e+02 1.538219444402260194e+02 1.535286643318537472e+02
1.527425086468751658e+02 1.539527914904861063e+02 1.545339508096062104e+02 1.545789104609276592e+02 1.545939638366919269e+02 1.545282894306590720e+02 1.540930212058541713e+02 1.539111593562599296e+02 1.536198076704185382e+02
