0.000000000000000000e+00 0.000000000000000000e+00 0.000000000000000000e+00 0.000000000000000000e+00 0.000000000000000000e+00 0.000000000000000000e+00 0.000000000000000000e+00 0.000000000000000000e+00 0.000000000000000000e+00 0.000000000000000000e+00 0.000000000000000000e+00 5.470000000000050733e+01 5.560000000000052012e+01 5.520000000000051443e+01 5.460000000000050591e+01 4.200000000000032685e+01 5.510000000000051301e+01 5.230000000000047322e+01 4.840000000000041780e+01 4.790000000000041069e+01 4.760000000000040643e+01 4.430000000000035953e+01 4.230000000000033111e+01
0.000000000000000000e+00 0.000000000000000000e+00 0.000000000000000000e+00 0.000000000000000000e+00 0.000000000000000000e+00 0.000000000000000000e+00 0.000000000000000000e+00 0.000000000000000000e+00 0.000000000000000000e+00 0.000000000000000000e+00 0.000000000000000000e+00 9.183333333333271753e+01 9.213333333333267205e+01 9.086666666666609160e+01 9.079999999999944293e+01 8.546666666666686751e+01 8.996666666666614276e+01 8.876666666666631045e+01 8.986666666666639003e+01 8.903333333333311828e+01 8.679999999999992610e+01 8.543333333333345081e+01 8.570000000000017337e+01
0.000000000000000000e+00 0.000000000000000000e+00 0.000000000000000000e+00 0.000000000000000000e+00 0.000000000000000000e+00 0.000000000000000000e+00 0.000000000000000000e+00 0.000000000000000000e+00 0.000000000000000000e+00 0.000000000000000000e+00 0.000000000000000000e+00 2.349888888889106511e+02 2.347555555555771889e+02 2.352222222222441985e+02 2.339111111111329251e+02 2.075111111111303899e+02 2.330333333333551593e+02 2.317888888889108898e+02 2.306666666666883998e+02 2.331222222222445168e+02 2.292000000000221860e+02 2.315666666666896276e+02 2.197888888889100087e+02
0.000000000000000000e+00 0.000000000000000000e+00 0.000000000000000000e+00 0.000000000000000000e+00 0.000000000000000000e+00 0.000000000000000000e+00 0.000000000000000000e+00 0.000000000000000000e+00 0.000000000000000000e+00 0.000000000000000000e+00 0.000000000000000000e+00 2.697444444444736860e+02 2.686814814815097634e+02 2.693555555555847718e+02 2.693481481481769606e+02 2.337629629629779515e+02 2.681740740741018385e+02 2.680851851852128220e+02 2.666370370370631235e+02 2.651518518518776659e+02 2.633925925926162677e+02 2.655814814815080922e+02 2.624555555555758701e+02
0.000000000000000000e+00 0.000000000000000000e+00 0.000000000000000000e+00 0.000000000000000000e+00 0.000000000000000000e+00 0.000000000000000000e+00 0.000000000000000000e+00 0.000000000000000000e+00 0.000000000000000000e+00 0.000000000000000000e+00 0.000000000000000000e+00 3.325197530864989517e+02 3.327604938272397703e+02 3.321703703704495751e+02 3.316493827161277750e+02 3.139802469136270702e+02 3.303962962963735777e+02 3.302679012346450236e+02 3.291358024692116260e+02 3.286185185185948399e+02 3.267407407408148288e+02 3.278037037037798314e+02 3.246975308642673781e+02
0.000000000000000000e+00 0.000000000000000000e+00 0.000000000000000000e+00 0.000000000000000000e+00 0.000000000000000000e+00 0.000000000000000000e+00 0.000000000000000000e+00 0.000000000000000000e+00 0.000000000000000000e+00 0.000000000000000000e+00 0.000000000000000000e+00 3.585411522633995105e+02 3.585053497942643617e+02 3.578362139917953186e+02 3.574995884773908301e+02 3.379078189300381609e+02 3.569444444444664555e+02 3.562497942387061585e+02 3.561185185185381670e+02 3.551139917695684858e+02 3.548559670782048556e+02 3.531930041152496074e+02 3.540242798353997387e+02
0.000000000000000000e+00 0.000000000000000000e+00 0.000000000000000000e+00 0.000000000000000000e+00 0.000000000000000000e+00 0.000000000000000000e+00 0.000000000000000000e+00 0.000000000000000000e+00 0.000000000000000000e+00 0.000000000000000000e+00 0.000000000000000000e+00 3.723858710562973897e+02 3.734035665295514264e+02 3.728661179698810315e+02 3.722661179698792466e+02 3.554836762688977387e+02 3.716758573388752325e+02 3.711216735254334935e+02 3.701739368999138833e+02 3.698629629630170825e+02 3.677437585734325580e+02 3.685828532236516253e+02 3.668067215363885225e+02
0.000000000000000000e+00 0.000000000000000000e+00 0.000000000000000000e+00 0.000000000000000000e+00 0.000000000000000000e+00 0.000000000000000000e+00 0.000000000000000000e+00 0.000000000000000000e+00 0.000000000000000000e+00 0.000000000000000000e+00 0.000000000000000000e+00 3.858062642890662914e+02 3.862094192959266366e+02 3.857890260631883734e+02 3.854875171468635244e+02 3.700863283036811708e+02 3.846924096937282798e+02 3.841791952447127869e+02 3.837757658894275892e+02 3.827566072245913915e+02 3.810529492456159346e+02 3.803820301784105027e+02 3.801802926383845715e+02
0.000000000000000000e+00 0.000000000000000000e+00 0.000000000000000000e+00 0.000000000000000000e+00 0.000000000000000000e+00 0.000000000000000000e+00 0.000000000000000000e+00 0.000000000000000000e+00 0.000000000000000000e+00 0.000000000000000000e+00 0.000000000000000000e+00 3.955335619570792005e+02 3.958625819235495555e+02 3.951534522177134363e+02 3.948207285475401704e+02 3.820532845603179908e+02 3.942714372809612087e+02 3.932626886146020979e+02 3.926173449169916694e+02 3.922380887060480177e+02 3.901013260174257766e+02 3.910418686176448659e+02 3.904967687852863492e+02
0.000000000000000000e+00 0.000000000000000000e+00 0.000000000000000000e+00 0.000000000000000000e+00 0.000000000000000000e+00 0.000000000000000000e+00 0.000000000000000000e+00 0.000000000000000000e+00 0.000000000000000000e+00 0.000000000000000000e+00 0.000000000000000000e+00 4.034282934512413021e+02 4.041474978408168681e+02 4.035502210029375760e+02 4.030588223340348577e+02 3.900910836762853364e+02 4.021947822994843591e+02 4.018883655947146281e+02 4.010219173906779133e+02 4.006686734746079424e+02 3.992264390591129768e+02 3.992643550272153448e+02 3.977594015140180090e+02
0.000000000000000000e+00 0.000000000000000000e+00 0.000000000000000000e+00 0.000000000000000000e+00 0.000000000000000000e+00 0.000000000000000000e+00 0.000000000000000000e+00 0.000000000000000000e+00 0.000000000000000000e+00 0.000000000000000000e+00 0.000000000000000000e+00 4.120192873714283905e+02 4.124506223644050351e+02 4.119400531761037314e+02 4.114954766379731268e+02 4.007786685632681838e+02 4.108447374213844796e+02 4.101672119764209583e+02 4.094499009296583836e+02 4.089457857033227128e+02 4.078659892630637387e+02 4.077183508610692115e+02 4.066729478906352142e+02
0.000000000000000000e+00 0.000000000000000000e+00 0.000000000000000000e+00 0.000000000000000000e+00 0.000000000000000000e+00 0.000000000000000000e+00 0.000000000000000000e+00 0.000000000000000000e+00 0.000000000000000000e+00 0.000000000000000000e+00 0.000000000000000000e+00 4.143141498303343724e+02 4.147628263532271831e+02 4.141643934133506377e+02 4.138493002985940734e+02 4.033197807469837244e+02 4.132251514278768809e+02 4.126123676946003798e+02 4.112800103868111137e+02 4.113157947918654145e+02 4.103527646530419588e+02 4.099380666903384736e+02 4.089608737375747296e+02
0.000000000000000000e+00 0.000000000000000000e+00 0.000000000000000000e+00 0.000000000000000000e+00 0.000000000000000000e+00 0.000000000000000000e+00 0.000000000000000000e+00 0.000000000000000000e+00 0.000000000000000000e+00 0.000000000000000000e+00 0.000000000000000000e+00 4.241071044574183588e+02 4.246143568146932239e+02 4.239928018349290255e+02 4.235705766020263354e+02 4.156916135562039472e+02 4.228300467972079559e+02 4.222496339197741690e+02 4.213095805554120830e+02 4.207773335138930406e+02 4.195006143672604253e+02 4.200030906534338442e+02 4.189125997052206003e+02
0.000000000000000000e+00 0.000000000000000000e+00 0.000000000000000000e+00 0.000000000000000000e+00 0.000000000000000000e+00 0.000000000000000000e+00 0.000000000000000000e+00 0.000000000000000000e+00 0.000000000000000000e+00 0.000000000000000000e+00 0.000000000000000000e+00 4.278965498835901258e+02 4.284073990026254251e+02 4.279415324247771650e+02 4.274746045814233639e+02 4.207157759124219183e+02 4.267931644340978323e+02 4.262538574053547222e+02 4.251678782781407335e+02 4.249053883686542576e+02 4.239364492640930848e+02 4.237879116716279100e+02 4.225782137622117034e+02
0.000000000000000000e+00 0.000000000000000000e+00 0.000000000000000000e+00 0.000000000000000000e+00 0.000000000000000000e+00 0.000000000000000000e+00 0.000000000000000000e+00 0.000000000000000000e+00 0.000000000000000000e+00 0.000000000000000000e+00 0.000000000000000000e+00 4.328867999143622569e+02 4.333901129611380156e+02 4.329475396975465173e+02 4.325319941650532201e+02 4.270056558592257261e+02 4.316433120305903230e+02 4.311879294429193692e+02 4.301029779619225906e+02 4.299699714758045843e+02 4.285564041079305184e+02 4.287024584310655655e+02 4.275646957568540643e+02
0.000000000000000000e+00 0.000000000000000000e+00 0.000000000000000000e+00 0.000000000000000000e+00 0.000000000000000000e+00 0.000000000000000000e+00 0.000000000000000000e+00 0.000000000000000000e+00 0.000000000000000000e+00 0.000000000000000000e+00 0.000000000000000000e+00 4.362672992373313150e+02 4.367094102427265625e+02 4.361035554135116854e+02 4.357060507812760761e+02 4.294923313390480644e+02 4.349854458947835383e+02 4.344441977565190314e+02 4.336106770499996514e+02 4.332808192218294039e+02 4.320088386661042819e+02 4.320021162516140976e+02 4.307013003776052642e+02
0.000000000000000000e+00 0.000000000000000000e+00 0.000000000000000000e+00 0.000000000000000000e+00 0.000000000000000000e+00 0.000000000000000000e+00 0.000000000000000000e+00 0.000000000000000000e+00 0.000000000000000000e+00 0.000000000000000000e+00 0.000000000000000000e+00 4.364740464318455793e+02 4.369583289931174477e+02 4.363351183611230226e+02 4.359575576776954904e+02 4.297706331590569562e+02 4.352017844539917633e+02 4.346606885596112875e+02 4.337884979065480024e+02 4.335047699752391850e+02 4.322423807842080237e+02 4.322024692029990547e+02 4.309561566394733632e+02
0.000000000000000000e+00 0.000000000000000000e+00 0.000000000000000000e+00 0.000000000000000000e+00 0.000000000000000000e+00 0.000000000000000000e+00 0.000000000000000000e+00 0.000000000000000000e+00 0.000000000000000000e+00 0.000000000000000000e+00 0.000000000000000000e+00 4.367455480250850997e+02 4.371971488992455193e+02 4.366045900359084158e+02 4.362089630782391509e+02 4.299710876064020226e+02 4.354569452036755592e+02 4.348845885651015237e+02 4.339973765154776970e+02 4.337402405159179466e+02 4.324826216332539843e+02 4.324635167161998197e+02 4.311416911861805943e+02
