2.460000000000007958e+01 2.560000000000009379e+01 2.550000000000009237e+01 2.510000000000008669e+01 2.580000000000009663e+01 2.420000000000007390e+01 2.460000000000007958e+01 2.460000000000007958e+01
4.086666666666716452e+01 4.206666666666723842e+01 4.283333333333393966e+01 4.230000000000057270e+01 4.273333333333394535e+01 4.106666666666716736e+01 4.073333333333382456e+01 4.073333333333382456e+01
5.246666666666712331e+01 5.340000000000053149e+01 5.354444444444501272e+01 5.296666666666720147e+01 5.348888888888946269e+01 5.213333333333379471e+01 5.202222222222267334e+01 5.220000000000045048e+01
6.728148148148228813e+01 6.800740740740809542e+01 6.830000000000066507e+01 6.790000000000074465e+01 6.848148148148212044e+01 6.712592592592677931e+01 6.695555555555644389e+01 6.668888888888980659e+01
7.453086419753222458e+01 7.533580246913705025e+01 7.576666666666790206e+01 7.544567901234700003e+01 7.584938271605058446e+01 7.441481481481622495e+01 7.452098765432245386e+01 7.413580246913728899e+01
7.923209876543381824e+01 8.016872427983700788e+01 8.081028806584524204e+01 8.046296296296466721e+01 8.076131687242956048e+01 7.941893004115405574e+01 7.949876543210061186e+01 7.915308641975495618e+01
8.478930041152777619e+01 8.582249657064981818e+01 8.620946502058107797e+01 8.585336076818060747e+01 8.612537722908581372e+01 8.489711934156895268e+01 8.509986282579404815e+01 8.460493827161016611e+01
9.001582075903476721e+01 9.093781435757155407e+01 9.147695473251421561e+01 9.104476451760804423e+01 9.146310013717805987e+01 8.984855967078610206e+01 9.002203932327823566e+01 8.956223136717390787e+01
9.234131992075029416e+01 9.347011126353359600e+01 9.391950922116173217e+01 9.338196921201677014e+01 9.392516384698090803e+01 9.218576436519482797e+01 9.254263069654707863e+01 9.211403749429128140e+01
9.499717522735309672e+01 9.604532845602798830e+01 9.650773256109296483e+01 9.593377533912484978e+01 9.645095767921530694e+01 9.491445409744393658e+01 9.516727124930146431e+01 9.467364730986146526e+01
9.760707547969332154e+01 9.874367051093921077e+01 9.909162051855936681e+01 9.860263679317907304e+01 9.901403580078265065e+01 9.746019068909539840e+01 9.768872969907069148e+01 9.729221832715963103e+01
9.889844140741874412e+01 9.999919727683877113e+01 1.003621766103859017e+02 9.988822221093258236e+01 1.003412408903339355e+02 9.881861053249501481e+01 9.896622240286352223e+01 9.863098443665474235e+01
9.946724358865500903e+01 1.005541262341424442e+02 1.009379154035884625e+02 1.004716683507643609e+02 1.009246870301657140e+02 9.941361769227061984e+01 9.954504413471777013e+01 9.921520131114944263e+01
1.004106228160799503e+02 1.014353328654244564e+02 1.018165529193273784e+02 1.013965499462790092e+02 1.017930480837322449e+02 1.002840340382716278e+02 1.004329304664118325e+02 1.001539561305968107e+02
1.011686831756733653e+02 1.021793487267154177e+02 1.026129787376982279e+02 1.021731079377829730e+02 1.025569317718900919e+02 1.010492879213858117e+02 1.011903057285270791e+02 1.009582605699665976e+02
1.022787694560862946e+02 1.032853244222595066e+02 1.037127885559390563e+02 1.032461989543763394e+02 1.036469218596109130e+02 1.022036771720517976e+02 1.023558849046693524e+02 1.020656064604669666e+02
1.026455249727172685e+02 1.036721761315825887e+02 1.040924848027126757e+02 1.036373134924522930e+02 1.040298152279491859e+02 1.025727163469432384e+02 1.027540026614107376e+02 1.024360158303146875e+02
1.029704134212548468e+02 1.040177697483493660e+02 1.044293497701279279e+02 1.039717425577229335e+02 1.043653607483694401e+02 1.028868462276754485e+02 1.030822404753971568e+02 1.027552205071815052e+02
