0.000000000000000000e+00 0.000000000000000000e+00 0.000000000000000000e+00 0.000000000000000000e+00 0.000000000000000000e+00 0.000000000000000000e+00 0.000000000000000000e+00 0.000000000000000000e+00 3.430000000000021743e+01 3.380000000000021032e+01 0.000000000000000000e+00 0.000000000000000000e+00 3.190000000000018332e+01
0.000000000000000000e+00 0.000000000000000000e+00 0.000000000000000000e+00 0.000000000000000000e+00 0.000000000000000000e+00 0.000000000000000000e+00 0.000000000000000000e+00 0.000000000000000000e+00 5.670000000000133156e+01 5.633333333333466442e+01 0.000000000000000000e+00 0.000000000000000000e+00 5.363333333333459052e+01
0.000000000000000000e+00 0.000000000000000000e+00 0.000000000000000000e+00 0.000000000000000000e+00 0.000000000000000000e+00 0.000000000000000000e+00 0.000000000000000000e+00 0.000000000000000000e+00 7.234444444444704914e+01 7.304444444444716567e+01 0.000000000000000000e+00 0.000000000000000000e+00 6.572222222222370647e+01
0.000000000000000000e+00 0.000000000000000000e+00 0.000000000000000000e+00 0.000000000000000000e+00 0.000000000000000000e+00 0.000000000000000000e+00 0.000000000000000000e+00 0.000000000000000000e+00 9.071481481481441733e+01 9.366666666666601770e+01 0.000000000000000000e+00 0.000000000000000000e+00 8.598888888888706106e+01
0.000000000000000000e+00 0.000000000000000000e+00 0.000000000000000000e+00 0.000000000000000000e+00 0.000000000000000000e+00 0.000000000000000000e+00 0.000000000000000000e+00 0.000000000000000000e+00 1.043444444444450880e+02 1.047481481481483456e+02 0.000000000000000000e+00 0.000000000000000000e+00 1.007839506172832529e+02
0.000000000000000000e+00 0.000000000000000000e+00 0.000000000000000000e+00 0.000000000000000000e+00 0.000000000000000000e+00 0.000000000000000000e+00 0.000000000000000000e+00 0.000000000000000000e+00 1.082423868312766615e+02 1.094757201646096121e+02 0.000000000000000000e+00 0.000000000000000000e+00 1.053271604938268098e+02
0.000000000000000000e+00 0.000000000000000000e+00 0.000000000000000000e+00 0.000000000000000000e+00 0.000000000000000000e+00 0.000000000000000000e+00 0.000000000000000000e+00 0.000000000000000000e+00 1.116925925925956591e+02 1.120216735253793559e+02 0.000000000000000000e+00 0.000000000000000000e+00 1.081101508916337366e+02
0.000000000000000000e+00 0.000000000000000000e+00 0.000000000000000000e+00 0.000000000000000000e+00 0.000000000000000000e+00 0.000000000000000000e+00 0.000000000000000000e+00 0.000000000000000000e+00 1.154208047553750021e+02 1.158903520804769158e+02 0.000000000000000000e+00 0.000000000000000000e+00 1.122187928669415840e+02
0.000000000000000000e+00 0.000000000000000000e+00 0.000000000000000000e+00 0.000000000000000000e+00 0.000000000000000000e+00 0.000000000000000000e+00 0.000000000000000000e+00 0.000000000000000000e+00 1.166537875323919593e+02 1.170531016613346793e+02 0.000000000000000000e+00 0.000000000000000000e+00 1.137249047401331836e+02
0.000000000000000000e+00 0.000000000000000000e+00 0.000000000000000000e+00 0.000000000000000000e+00 0.000000000000000000e+00 0.000000000000000000e+00 0.000000000000000000e+00 0.000000000000000000e+00 1.185708936645822291e+02 1.187751155819723436e+02 0.000000000000000000e+00 0.000000000000000000e+00 1.152882436620413955e+02
0.000000000000000000e+00 0.000000000000000000e+00 0.000000000000000000e+00 0.000000000000000000e+00 0.000000000000000000e+00 0.000000000000000000e+00 0.000000000000000000e+00 0.000000000000000000e+00 1.196582075903080238e+02 1.201294890684027195e+02 0.000000000000000000e+00 0.000000000000000000e+00 1.163148622330616035e+02
0.000000000000000000e+00 0.000000000000000000e+00 0.000000000000000000e+00 0.000000000000000000e+00 0.000000000000000000e+00 0.000000000000000000e+00 0.000000000000000000e+00 0.000000000000000000e+00 1.203125613191286050e+02 1.208312429789929894e+02 0.000000000000000000e+00 0.000000000000000000e+00 1.172709585824160570e+02
0.000000000000000000e+00 0.000000000000000000e+00 0.000000000000000000e+00 0.000000000000000000e+00 0.000000000000000000e+00 0.000000000000000000e+00 0.000000000000000000e+00 0.000000000000000000e+00 1.211033350832863391e+02 1.215025528703978495e+02 0.000000000000000000e+00 0.000000000000000000e+00 1.181210789156187673e+02
0.000000000000000000e+00 0.000000000000000000e+00 0.000000000000000000e+00 0.000000000000000000e+00 0.000000000000000000e+00 0.000000000000000000e+00 0.000000000000000000e+00 0.000000000000000000e+00 1.212682723011531181e+02 1.216623518571784359e+02 0.000000000000000000e+00 0.000000000000000000e+00 1.183101658195906509e+02
0.000000000000000000e+00 0.000000000000000000e+00 0.000000000000000000e+00 0.000000000000000000e+00 0.000000000000000000e+00 0.000000000000000000e+00 0.000000000000000000e+00 0.000000000000000000e+00 1.219489166457134957e+02 1.224111634008165765e+02 0.000000000000000000e+00 0.000000000000000000e+00 1.192785511049817870e+02
0.000000000000000000e+00 0.000000000000000000e+00 0.000000000000000000e+00 0.000000000000000000e+00 0.000000000000000000e+00 0.000000000000000000e+00 0.000000000000000000e+00 0.000000000000000000e+00 1.221105996505545477e+02 1.225609713827032010e+02 0.000000000000000000e+00 0.000000000000000000e+00 1.194237917703474778e+02
0.000000000000000000e+00 0.000000000000000000e+00 0.000000000000000000e+00 0.000000000000000000e+00 0.000000000000000000e+00 0.000000000000000000e+00 0.000000000000000000e+00 0.000000000000000000e+00 1.224196547351377262e+02 1.228210039366283581e+02 0.000000000000000000e+00 0.000000000000000000e+00 1.196159235519947543e+02
0.000000000000000000e+00 0.000000000000000000e+00 0.000000000000000000e+00 0.000000000000000000e+00 0.000000000000000000e+00 0.000000000000000000e+00 0.000000000000000000e+00 0.000000000000000000e+00 1.226183837517689597e+02 1.229967948747311652e+02 0.000000000000000000e+00 0.000000000000000000e+00 1.197488832107214733e+02
