5.000000000000044054e+01 5.090000000000045333e+01 5.110000000000045617e+01 5.070000000000045048e+01 5.040000000000044622e+01 4.880000000000042348e+01 4.960000000000043485e+01 4.850000000000041922e+01
6.600000000000102318e+01 6.796666666666754963e+01 6.790000000000087255e+01 6.710000000000093223e+01 6.786666666666756953e+01 6.533333333333443704e+01 6.620000000000102602e+01 6.496666666666780543e+01
8.333333333333706605e+01 8.418888888889230770e+01 8.425555555555898479e+01 8.394444444444800979e+01 8.422222222222568178e+01 8.262222222222602852e+01 8.246666666667023549e+01 8.163333333333707742e+01
9.056296296296551418e+01 9.162592592592812935e+01 9.195925925926142952e+01 9.144074074074308101e+01 9.165925925926150342e+01 8.997037037037297580e+01 8.960740740740980925e+01 8.910000000000252385e+01
1.076296296296334845e+02 1.089296296296331548e+02 1.090456790123491544e+02 1.084876543209912967e+02 1.089037037037072650e+02 1.069382716049421731e+02 1.074641975308679633e+02 1.067987654321026412e+02
1.142930041152307012e+02 1.154349794238723348e+02 1.156168724279875164e+02 1.150325102880699859e+02 1.154617283950657907e+02 1.136938271604982447e+02 1.138641975308684522e+02 1.134753086419796944e+02
1.187001371742183267e+02 1.197982167352604819e+02 1.199186556927363938e+02 1.195098765432167767e+02 1.198513031550136247e+02 1.179956104252471221e+02 1.184030178326545126e+02 1.178122085048081544e+02
1.216499314129008837e+02 1.227597165066362237e+02 1.229620941929644289e+02 1.223309099222743015e+02 1.227016003658041114e+02 1.210156378600887876e+02 1.211889346136324832e+02 1.207912665752236734e+02
1.241315043438590635e+02 1.251008230452760159e+02 1.254358634354604760e+02 1.248827160493916750e+02 1.251207437890652301e+02 1.234933089468159011e+02 1.235105319311169438e+02 1.232338210638711899e+02
1.274636793171775651e+02 1.283445562160240172e+02 1.286223695574863655e+02 1.281134430727028359e+02 1.283202560585279741e+02 1.265991769547333803e+02 1.269025351826449111e+02 1.265555911192402192e+02
1.295255872241759221e+02 1.305035766905513128e+02 1.308074023268874839e+02 1.302585903232974260e+02 1.305538451116935619e+02 1.287755389591765436e+02 1.290788971870880744e+02 1.287596995715487935e+02
1.312978915815645280e+02 1.322192320502151688e+02 1.325091844626187481e+02 1.320574850265568330e+02 1.322440662274809995e+02 1.305732775604415679e+02 1.308246111986058793e+02 1.304106132195272210e+02
1.322528318289245988e+02 1.331996065414516579e+02 1.334672076486305059e+02 1.330062593966135296e+02 1.332552701052343593e+02 1.315035542985881420e+02 1.317487220594490793e+02 1.314102560773367543e+02
1.331304416984220040e+02 1.340936587504244244e+02 1.344059624680519107e+02 1.338766757425904643e+02 1.341364767364919999e+02 1.323924682764748582e+02 1.326854215864360640e+02 1.323161262178074367e+02
1.339460502461477347e+02 1.349520858905339082e+02 1.352647321569004646e+02 1.347231136768324973e+02 1.349784615371261225e+02 1.332481550266717818e+02 1.335815290878432506e+02 1.331940786360439120e+02
1.344660392320560334e+02 1.354736734372245337e+02 1.357988798240236576e+02 1.352319127372645085e+02 1.355130659359014089e+02 1.337576391845819330e+02 1.340709170530612937e+02 1.336866637228266086e+02
1.349495658077388782e+02 1.359422801122723286e+02 1.362574384027253984e+02 1.357090450698180462e+02 1.359729947095594298e+02 1.342550199537116100e+02 1.345456134834703334e+02 1.341729306884220136e+02
1.353476328164817630e+02 1.363288780817526060e+02 1.366251581305875789e+02 1.360818395938141236e+02 1.363594911831170293e+02 1.346301488839292801e+02 1.349301815344970521e+02 1.345464356838768367e+02
