0.000000000000000000e+00 0.000000000000000000e+00 0.000000000000000000e+00 0.000000000000000000e+00 0.000000000000000000e+00 0.000000000000000000e+00 0.000000000000000000e+00 0.000000000000000000e+00 6.950000000000032685e+01 6.580000000000053717e+01 0.000000000000000000e+00 0.000000000000000000e+00 6.470000000000059970e+01
0.000000000000000000e+00 0.000000000000000000e+00 0.000000000000000000e+00 0.000000000000000000e+00 0.000000000000000000e+00 0.000000000000000000e+00 0.000000000000000000e+00 0.000000000000000000e+00 9.063333333333245889e+01 8.979999999999917293e+01 0.000000000000000000e+00 0.000000000000000000e+00 8.623333333333270900e+01
0.000000000000000000e+00 0.000000000000000000e+00 0.000000000000000000e+00 0.000000000000000000e+00 0.000000000000000000e+00 0.000000000000000000e+00 0.000000000000000000e+00 0.000000000000000000e+00 1.073444444444461823e+02 1.058888888888905768e+02 0.000000000000000000e+00 0.000000000000000000e+00 9.787777777777897370e+01
0.000000000000000000e+00 0.000000000000000000e+00 0.000000000000000000e+00 0.000000000000000000e+00 0.000000000000000000e+00 0.000000000000000000e+00 0.000000000000000000e+00 0.000000000000000000e+00 1.264851851851837949e+02 1.271925925925907990e+02 0.000000000000000000e+00 0.000000000000000000e+00 1.166925925925907137e+02
0.000000000000000000e+00 0.000000000000000000e+00 0.000000000000000000e+00 0.000000000000000000e+00 0.000000000000000000e+00 0.000000000000000000e+00 0.000000000000000000e+00 0.000000000000000000e+00 1.447765432098644851e+02 1.443777777777655160e+02 0.000000000000000000e+00 0.000000000000000000e+00 1.404753086419662793e+02
0.000000000000000000e+00 0.000000000000000000e+00 0.000000000000000000e+00 0.000000000000000000e+00 0.000000000000000000e+00 0.000000000000000000e+00 0.000000000000000000e+00 0.000000000000000000e+00 1.536390946501943802e+02 1.526213991769431004e+02 0.000000000000000000e+00 0.000000000000000000e+00 1.497065843621315935e+02
0.000000000000000000e+00 0.000000000000000000e+00 0.000000000000000000e+00 0.000000000000000000e+00 0.000000000000000000e+00 0.000000000000000000e+00 0.000000000000000000e+00 0.000000000000000000e+00 1.583798353909303671e+02 1.592145404663740749e+02 0.000000000000000000e+00 0.000000000000000000e+00 1.559310013717275467e+02
0.000000000000000000e+00 0.000000000000000000e+00 0.000000000000000000e+00 0.000000000000000000e+00 0.000000000000000000e+00 0.000000000000000000e+00 0.000000000000000000e+00 0.000000000000000000e+00 1.631439871970681281e+02 1.631944215820665534e+02 0.000000000000000000e+00 0.000000000000000000e+00 1.588925011431104792e+02
0.000000000000000000e+00 0.000000000000000000e+00 0.000000000000000000e+00 0.000000000000000000e+00 0.000000000000000000e+00 0.000000000000000000e+00 0.000000000000000000e+00 0.000000000000000000e+00 1.641818777625279893e+02 1.648136869379531788e+02 0.000000000000000000e+00 0.000000000000000000e+00 1.601371894528161022e+02
0.000000000000000000e+00 0.000000000000000000e+00 0.000000000000000000e+00 0.000000000000000000e+00 0.000000000000000000e+00 0.000000000000000000e+00 0.000000000000000000e+00 0.000000000000000000e+00 1.650350810343847172e+02 1.655472336533909754e+02 0.000000000000000000e+00 0.000000000000000000e+00 1.611516689528896507e+02
0.000000000000000000e+00 0.000000000000000000e+00 0.000000000000000000e+00 0.000000000000000000e+00 0.000000000000000000e+00 0.000000000000000000e+00 0.000000000000000000e+00 0.000000000000000000e+00 1.657374129959779339e+02 1.661420481295057243e+02 0.000000000000000000e+00 0.000000000000000000e+00 1.615886755067698743e+02
0.000000000000000000e+00 0.000000000000000000e+00 0.000000000000000000e+00 0.000000000000000000e+00 0.000000000000000000e+00 0.000000000000000000e+00 0.000000000000000000e+00 0.000000000000000000e+00 1.684796869266535850e+02 1.684426910983272023e+02 0.000000000000000000e+00 0.000000000000000000e+00 1.646384725679513110e+02
0.000000000000000000e+00 0.000000000000000000e+00 0.000000000000000000e+00 0.000000000000000000e+00 0.000000000000000000e+00 0.000000000000000000e+00 0.000000000000000000e+00 0.000000000000000000e+00 1.690523427812044588e+02 1.689143807120353244e+02 0.000000000000000000e+00 0.000000000000000000e+00 1.651355964255358515e+02
0.000000000000000000e+00 0.000000000000000000e+00 0.000000000000000000e+00 0.000000000000000000e+00 0.000000000000000000e+00 0.000000000000000000e+00 0.000000000000000000e+00 0.000000000000000000e+00 1.696653337497702694e+02 1.697195415232194193e+02 0.000000000000000000e+00 0.000000000000000000e+00 1.657727370802060989e+02
0.000000000000000000e+00 0.000000000000000000e+00 0.000000000000000000e+00 0.000000000000000000e+00 0.000000000000000000e+00 0.000000000000000000e+00 0.000000000000000000e+00 0.000000000000000000e+00 1.702247158406716210e+02 1.704251919257036718e+02 0.000000000000000000e+00 0.000000000000000000e+00 1.665629970212406477e+02
0.000000000000000000e+00 0.000000000000000000e+00 0.000000000000000000e+00 0.000000000000000000e+00 0.000000000000000000e+00 0.000000000000000000e+00 0.000000000000000000e+00 0.000000000000000000e+00 1.715248024883553910e+02 1.718310119508470564e+02 0.000000000000000000e+00 0.000000000000000000e+00 1.684244068693471661e+02
0.000000000000000000e+00 0.000000000000000000e+00 0.000000000000000000e+00 0.000000000000000000e+00 0.000000000000000000e+00 0.000000000000000000e+00 0.000000000000000000e+00 0.000000000000000000e+00 1.722936341027125593e+02 1.726447555109934058e+02 0.000000000000000000e+00 0.000000000000000000e+00 1.689732460712793625e+02
0.000000000000000000e+00 0.000000000000000000e+00 0.000000000000000000e+00 0.000000000000000000e+00 0.000000000000000000e+00 0.000000000000000000e+00 0.000000000000000000e+00 0.000000000000000000e+00 1.723490508764947151e+02 1.727204714693111498e+02 0.000000000000000000e+00 0.000000000000000000e+00 1.690451051845353447e+02
