3.640000000000024727e+01 3.790000000000026859e+01 3.900000000000028422e+01 3.810000000000027143e+01 3.840000000000027569e+01 3.860000000000027853e+01 3.580000000000023874e+01 3.580000000000023874e+01
7.026666666666793049e+01 7.143333333333447399e+01 7.146666666666776280e+01 7.156666666666779975e+01 7.173333333333444273e+01 7.060000000000115961e+01 6.986666666666796743e+01 6.973333333333464168e+01
8.137777777778077848e+01 8.223333333333616224e+01 8.271111111111396497e+01 8.223333333333613382e+01 8.253333333333613098e+01 8.188888888889181317e+01 8.124444444444752378e+01 8.133333333333645498e+01
9.595555555555617389e+01 9.701851851851893116e+01 9.758518518518560825e+01 9.716666666666702667e+01 9.731851851851889990e+01 9.670370370370420687e+01 9.576296296296366961e+01 9.656296296296359571e+01
1.033432098765443925e+02 1.043271604938281314e+02 1.050123456790133361e+02 1.044555555555564723e+02 1.047654320987663823e+02 1.042493827160504622e+02 1.034271604938284526e+02 1.037530864197542684e+02
1.098090534979440633e+02 1.107008230452689475e+02 1.114913580246928433e+02 1.111320987654335255e+02 1.114683127572031083e+02 1.108337448559686607e+02 1.102880658436232153e+02 1.102847736625531212e+02
1.166128943758632062e+02 1.175836762688671513e+02 1.180493827160549074e+02 1.177866941015144420e+02 1.177980795610478850e+02 1.173742112482909334e+02 1.166529492455475747e+02 1.168252400548753940e+02
1.201947873799777398e+02 1.211714220393282773e+02 1.216605395519024029e+02 1.214329675354414917e+02 1.214092363968953805e+02 1.210790123456839069e+02 1.204104252400598796e+02 1.205885688157342912e+02
1.231757963725124085e+02 1.240821978357037523e+02 1.244659655540390872e+02 1.243632525529722983e+02 1.243356195701951208e+02 1.241029416247603052e+02 1.233836305441324157e+02 1.234486206371059041e+02
1.253660316008763260e+02 1.263868871615118650e+02 1.268356856170314018e+02 1.266783467967298833e+02 1.266012904536927124e+02 1.264180358685178902e+02 1.256154854442942224e+02 1.256648681603435023e+02
1.270446916967336932e+02 1.281262426120748046e+02 1.285889142915270611e+02 1.283934241054105883e+02 1.284134803299023702e+02 1.280966959643752432e+02 1.273739165777646463e+02 1.274024894579148679e+02
1.285256583515378850e+02 1.295852433289857117e+02 1.300479150084379683e+02 1.297969319265911281e+02 1.298551395168975375e+02 1.294978915815670177e+02 1.287878293168946300e+02 1.289042659486179332e+02
1.292694173012573913e+02 1.303467291759524187e+02 1.307939861621462398e+02 1.305653543855241310e+02 1.306536206276844894e+02 1.302855824070730648e+02 1.295670420611085376e+02 1.296850201621576844e+02
1.297971136337947655e+02 1.308384578908874403e+02 1.312929084006017320e+02 1.310971613029303455e+02 1.311535705123571915e+02 1.308184169706964894e+02 1.300690472382156599e+02 1.302106612022606384e+02
1.306161476689111964e+02 1.317030509083001846e+02 1.321324953600623644e+02 1.319912135119031120e+02 1.319993233491210844e+02 1.316895184141515642e+02 1.309161702699358329e+02 1.310803924507594331e+02
1.312697306630568050e+02 1.323733046077472011e+02 1.328328933485475432e+02 1.326897845737799173e+02 1.326864761196955556e+02 1.323910582317669764e+02 1.316142846001605449e+02 1.317515596135106364e+02
1.321031136842431692e+02 1.331730417305626872e+02 1.336321737397109359e+02 1.334666851139907351e+02 1.335037212891746208e+02 1.331799860388162529e+02 1.324099111381071907e+02 1.325347021529667302e+02
1.322841824103006161e+02 1.333530954973933547e+02 1.338149678964539078e+02 1.336478553359708599e+02 1.336729149922787485e+02 1.333622727159458350e+02 1.325807287759741655e+02 1.327082601807460094e+02
1.324613266273974546e+02 1.335158949574143605e+02 1.339796619470320991e+02 1.338160002479210675e+02 1.338401126089503634e+02 1.335283200454934445e+02 1.327578053291225331e+02 1.328784350111503443e+02
1.325000755152217948e+02 1.335548242824346232e+02 1.340183657255574587e+02 1.338545686985494854e+02 1.338796734641563546e+02 1.335672493705137072e+02 1.327991254469887679e+02 1.329194393639237148e+02
1.325108716741043509e+02 1.335658008785129880e+02 1.340291919573059829e+02 1.338660565333493082e+02 1.338909507888944006e+02 1.335788875696433706e+02 1.328106132817885907e+02 1.329311677816512827e+02
1.325344888981779832e+02 1.335881550422159592e+02 1.340522077240602528e+02 1.338883305027430310e+02 1.339132247582881234e+02 1.336005400331404189e+02 1.328331478826873706e+02 1.329538828197458713e+02
1.325582665108869662e+02 1.336109302260586276e+02 1.340749428107482686e+02 1.339122952355070595e+02 1.339355588734296134e+02 1.336246517888048402e+02 1.328576739756165352e+02 1.329767782950524975e+02
1.325671859001774635e+02 1.336202594973744624e+02 1.340834523180134283e+02 1.339214552077254723e+02 1.339444515312836756e+02 1.336333573266038570e+02 1.328667181116103961e+02 1.329855016538091377e+02
1.325701917016918117e+02 1.336232237166544223e+02 1.340864997017621647e+02 1.339243956657286390e+02 1.339473325860948592e+02 1.336362205604574456e+02 1.328698011372743224e+02 1.329884777537274942e+02
1.325746746625908656e+02 1.336275126271258671e+02 1.340909589013843686e+02 1.339289895125863268e+02 1.339519581146550138e+02 1.336406322375259492e+02 1.328741454907250841e+02 1.329929131920728480e+02
1.325803245661974472e+02 1.336329328383895643e+02 1.340965718430047389e+02 1.339346763781791196e+02 1.339578033887601407e+02 1.336461897361670026e+02 1.328796369858193316e+02 1.329985314139769628e+02
1.325874529492908493e+02 1.336399010528751887e+02 1.341039043970706928e+02 1.339418769251507513e+02 1.339648349666510398e+02 1.336533709220981336e+02 1.328863605471568121e+02 1.330052884171116716e+02
1.325890499417701562e+02 1.336415074325255716e+02 1.341055236840813052e+02 1.339435525351878198e+02 1.339664190517701172e+02 1.336549139383437534e+02 1.328880138626625751e+02 1.330069170912933600e+02
1.325903164276165001e+02 1.336428380640417117e+02 1.341067690487924722e+02 1.339447971176347210e+02 1.339677316912081437e+02 1.336561843355114263e+02 1.328892889534158428e+02 1.330081413348693502e+02
1.325910032556169256e+02 1.336435342792129859e+02 1.341075189794413802e+02 1.339454969833724363e+02 1.339684831863855266e+02 1.336569003680433809e+02 1.328900294968939022e+02 1.330088370285311328e+02
1.325918369754574826e+02 1.336443603502476662e+02 1.341083349679592231e+02 1.339463505205736737e+02 1.339693210783020163e+02 1.336576878473756835e+02 1.328908746899432742e+02 1.330096429345321383e+02
1.325930216132403814e+02 1.336454782348156414e+02 1.341094996724904433e+02 1.339474871794833462e+02 1.339704192614003091e+02 1.336588231155933784e+02 1.328919925745112494e+02 1.330107272107106553e+02
1.325931538834995820e+02 1.336456146771507747e+02 1.341096368874322309e+02 1.339476206859131935e+02 1.339705543130434648e+02 1.336589595579285117e+02 1.328921316437090070e+02 1.330108588628845325e+02
1.325934338761768174e+02 1.336458865317038374e+02 1.341099055485441625e+02 1.339478955278789272e+02 1.339708178234438947e+02 1.336592335757804051e+02 1.328924050434755202e+02 1.330111158833884701e+02
1.325935772719652448e+02 1.336460378252488113e+02 1.341100549191571076e+02 1.339480416020369660e+02 1.339709595710048688e+02 1.336593812294897532e+02 1.328925540707077460e+02 1.330112548152275451e+02
1.325936890309665159e+02 1.336461499963070310e+02 1.341101740036152421e+02 1.339481574358236173e+02 1.339710740312683583e+02 1.336594959644578751e+02 1.328926727888930373e+02 1.330113637356142817e+02
1.325937108547166474e+02 1.336461727967844411e+02 1.341101979639562956e+02 1.339481793816646586e+02 1.339710971369730430e+02 1.336595180934352811e+02 1.328926967492340907e+02 1.330113871465462410e+02
1.325938701020341739e+02 1.336463459014266846e+02 1.341103641501104278e+02 1.339483486607899465e+02 1.339712618580355752e+02 1.336596840761044689e+02 1.328928637493280007e+02 1.330115442776203452e+02
1.325938781871636536e+02 1.336463547055357992e+02 1.341103727100377796e+02 1.339483574648990611e+02 1.339712700109933223e+02 1.336596929209105440e+02 1.328928722549927386e+02 1.330115523491841714e+02
