0.000000000000000000e+00 0.000000000000000000e+00 0.000000000000000000e+00 0.000000000000000000e+00 0.000000000000000000e+00 0.000000000000000000e+00 0.000000000000000000e+00 0.000000000000000000e+00 0.000000000000000000e+00 0.000000000000000000e+00 4.690000000000039648e+01 4.370000000000035101e+01 4.510000000000037090e+01 4.510000000000037090e+01 4.070000000000030838e+01 0.000000000000000000e+00 4.370000000000035101e+01 3.480000000000022453e+01
0.000000000000000000e+00 0.000000000000000000e+00 0.000000000000000000e+00 0.000000000000000000e+00 0.000000000000000000e+00 0.000000000000000000e+00 0.000000000000000000e+00 0.000000000000000000e+00 0.000000000000000000e+00 0.000000000000000000e+00 1.157666666666649746e+02 1.122333333333319558e+02 1.132999999999985050e+02 1.126999999999985391e+02 1.104333333333321576e+02 0.000000000000000000e+00 1.105666666666653839e+02 9.166666666666677088e+01
0.000000000000000000e+00 0.000000000000000000e+00 0.000000000000000000e+00 0.000000000000000000e+00 0.000000000000000000e+00 0.000000000000000000e+00 0.000000000000000000e+00 0.000000000000000000e+00 0.000000000000000000e+00 0.000000000000000000e+00 1.510111111111149285e+02 1.510333333333380210e+02 1.510777777777821882e+02 1.504333333333377709e+02 1.484333333333380835e+02 0.000000000000000000e+00 1.476777777777822962e+02 1.336666666666733363e+02
0.000000000000000000e+00 0.000000000000000000e+00 0.000000000000000000e+00 0.000000000000000000e+00 0.000000000000000000e+00 0.000000000000000000e+00 0.000000000000000000e+00 0.000000000000000000e+00 0.000000000000000000e+00 0.000000000000000000e+00 1.920777777777748838e+02 1.918037037037017285e+02 1.917888888888866461e+02 1.889518518518499945e+02 1.877222222222205517e+02 0.000000000000000000e+00 1.867888888888870156e+02 1.608666666666688911e+02
0.000000000000000000e+00 0.000000000000000000e+00 0.000000000000000000e+00 0.000000000000000000e+00 0.000000000000000000e+00 0.000000000000000000e+00 0.000000000000000000e+00 0.000000000000000000e+00 0.000000000000000000e+00 0.000000000000000000e+00 2.382407407407081621e+02 2.376506172839191606e+02 2.364506172839196552e+02 2.363197530863874363e+02 2.341024691357709742e+02 0.000000000000000000e+00 2.318456790123148323e+02 2.211925925925560250e+02
0.000000000000000000e+00 0.000000000000000000e+00 0.000000000000000000e+00 0.000000000000000000e+00 0.000000000000000000e+00 0.000000000000000000e+00 0.000000000000000000e+00 0.000000000000000000e+00 0.000000000000000000e+00 0.000000000000000000e+00 2.442983539094329046e+02 2.446432098765122873e+02 2.438909465020272194e+02 2.429304526748653075e+02 2.418720164608744483e+02 0.000000000000000000e+00 2.402341563785706171e+02 2.306082304526390487e+02
0.000000000000000000e+00 0.000000000000000000e+00 0.000000000000000000e+00 0.000000000000000000e+00 0.000000000000000000e+00 0.000000000000000000e+00 0.000000000000000000e+00 0.000000000000000000e+00 0.000000000000000000e+00 0.000000000000000000e+00 2.605836762688278441e+02 2.602964334704748239e+02 2.597197530863855377e+02 2.582939643346653042e+02 2.570599451302728085e+02 0.000000000000000000e+00 2.555537722907637601e+02 2.510987654320423701e+02
0.000000000000000000e+00 0.000000000000000000e+00 0.000000000000000000e+00 0.000000000000000000e+00 0.000000000000000000e+00 0.000000000000000000e+00 0.000000000000000000e+00 0.000000000000000000e+00 0.000000000000000000e+00 0.000000000000000000e+00 2.733544124371234147e+02 2.737812071330563981e+02 2.733625514403254897e+02 2.723932784636405700e+02 2.714870141746580430e+02 0.000000000000000000e+00 2.706070873342358709e+02 2.612650205760979816e+02
0.000000000000000000e+00 0.000000000000000000e+00 0.000000000000000000e+00 0.000000000000000000e+00 0.000000000000000000e+00 0.000000000000000000e+00 0.000000000000000000e+00 0.000000000000000000e+00 0.000000000000000000e+00 0.000000000000000000e+00 2.822545191281532766e+02 2.822677183355947363e+02 2.820324493217232771e+02 2.811217040085041390e+02 2.792555860386827931e+02 0.000000000000000000e+00 2.789297210790700206e+02 2.728183813442432779e+02
0.000000000000000000e+00 0.000000000000000000e+00 0.000000000000000000e+00 0.000000000000000000e+00 0.000000000000000000e+00 0.000000000000000000e+00 0.000000000000000000e+00 0.000000000000000000e+00 0.000000000000000000e+00 0.000000000000000000e+00 2.838646801808341138e+02 2.835267134074808837e+02 2.834501193923388769e+02 2.826798404714376147e+02 2.810010110247067701e+02 0.000000000000000000e+00 2.800586546765877642e+02 2.745039780520577892e+02
0.000000000000000000e+00 0.000000000000000000e+00 0.000000000000000000e+00 0.000000000000000000e+00 0.000000000000000000e+00 0.000000000000000000e+00 0.000000000000000000e+00 0.000000000000000000e+00 0.000000000000000000e+00 0.000000000000000000e+00 2.865040610339880800e+02 2.864140781384278966e+02 2.861449931412227556e+02 2.855776101203339863e+02 2.838883757556537830e+02 0.000000000000000000e+00 2.832408254160999377e+02 2.781248894984345839e+02
0.000000000000000000e+00 0.000000000000000000e+00 0.000000000000000000e+00 0.000000000000000000e+00 0.000000000000000000e+00 0.000000000000000000e+00 0.000000000000000000e+00 0.000000000000000000e+00 0.000000000000000000e+00 0.000000000000000000e+00 2.886266642957268118e+02 2.884083540787869993e+02 2.882537231790285546e+02 2.870851671210460268e+02 2.859196469598340400e+02 0.000000000000000000e+00 2.850119736715377030e+02 2.804625277311337754e+02
0.000000000000000000e+00 0.000000000000000000e+00 0.000000000000000000e+00 0.000000000000000000e+00 0.000000000000000000e+00 0.000000000000000000e+00 0.000000000000000000e+00 0.000000000000000000e+00 0.000000000000000000e+00 0.000000000000000000e+00 2.896255364188734234e+02 2.892091473935627164e+02 2.890298529845907751e+02 2.880925173254847778e+02 2.865709177500029341e+02 0.000000000000000000e+00 2.858713428206954745e+02 2.815346196472579550e+02
0.000000000000000000e+00 0.000000000000000000e+00 0.000000000000000000e+00 0.000000000000000000e+00 0.000000000000000000e+00 0.000000000000000000e+00 0.000000000000000000e+00 0.000000000000000000e+00 0.000000000000000000e+00 0.000000000000000000e+00 2.904610127935114292e+02 2.902948556221052172e+02 2.900970635812224714e+02 2.890718641705401524e+02 2.878400608283275801e+02 0.000000000000000000e+00 2.867797820767594317e+02 2.825828187888702132e+02
0.000000000000000000e+00 0.000000000000000000e+00 0.000000000000000000e+00 0.000000000000000000e+00 0.000000000000000000e+00 0.000000000000000000e+00 0.000000000000000000e+00 0.000000000000000000e+00 0.000000000000000000e+00 0.000000000000000000e+00 2.910834238524016655e+02 2.908806139659149608e+02 2.907256405174159681e+02 2.896747499513033972e+02 2.883799176411019403e+02 0.000000000000000000e+00 2.874703603347246030e+02 2.833658852063842915e+02
0.000000000000000000e+00 0.000000000000000000e+00 0.000000000000000000e+00 0.000000000000000000e+00 0.000000000000000000e+00 0.000000000000000000e+00 0.000000000000000000e+00 0.000000000000000000e+00 0.000000000000000000e+00 0.000000000000000000e+00 2.914494942715544994e+02 2.912768286741059569e+02 2.911362422726479053e+02 2.901193782146162903e+02 2.888019376876362116e+02 0.000000000000000000e+00 2.880447003872320124e+02 2.839491315261075215e+02
0.000000000000000000e+00 0.000000000000000000e+00 0.000000000000000000e+00 0.000000000000000000e+00 0.000000000000000000e+00 0.000000000000000000e+00 0.000000000000000000e+00 0.000000000000000000e+00 0.000000000000000000e+00 0.000000000000000000e+00 2.922592794907160396e+02 2.920968142334975823e+02 2.919014200337883267e+02 2.909684423558578601e+02 2.896592229986154621e+02 0.000000000000000000e+00 2.890077951976128929e+02 2.845177624329637638e+02
0.000000000000000000e+00 0.000000000000000000e+00 0.000000000000000000e+00 0.000000000000000000e+00 0.000000000000000000e+00 0.000000000000000000e+00 0.000000000000000000e+00 0.000000000000000000e+00 0.000000000000000000e+00 0.000000000000000000e+00 2.923661546973258396e+02 2.922097791954697641e+02 2.920260570268717402e+02 2.910756220502357792e+02 2.897670116685296193e+02 0.000000000000000000e+00 2.891264439312566310e+02 2.846516355550134563e+02
0.000000000000000000e+00 0.000000000000000000e+00 0.000000000000000000e+00 0.000000000000000000e+00 0.000000000000000000e+00 0.000000000000000000e+00 0.000000000000000000e+00 0.000000000000000000e+00 0.000000000000000000e+00 0.000000000000000000e+00 2.923974154415193993e+02 2.922446261289322820e+02 2.920533255981055163e+02 2.911043115643874444e+02 2.898006406509196609e+02 0.000000000000000000e+00 2.891472844273856708e+02 2.846780921588655815e+02
0.000000000000000000e+00 0.000000000000000000e+00 0.000000000000000000e+00 0.000000000000000000e+00 0.000000000000000000e+00 0.000000000000000000e+00 0.000000000000000000e+00 0.000000000000000000e+00 0.000000000000000000e+00 0.000000000000000000e+00 2.931087439771445702e+02 2.928905010717365940e+02 2.927238753274522196e+02 2.918090541423614468e+02 2.904557178907160164e+02 0.000000000000000000e+00 2.898044818042341149e+02 2.855953446443372172e+02
0.000000000000000000e+00 0.000000000000000000e+00 0.000000000000000000e+00 0.000000000000000000e+00 0.000000000000000000e+00 0.000000000000000000e+00 0.000000000000000000e+00 0.000000000000000000e+00 0.000000000000000000e+00 0.000000000000000000e+00 2.931765282170367186e+02 2.929603904122465110e+02 2.927928324091171248e+02 2.918669744822160510e+02 2.905161944241779111e+02 0.000000000000000000e+00 2.898547937089987840e+02 2.856410253277427955e+02
0.000000000000000000e+00 0.000000000000000000e+00 0.000000000000000000e+00 0.000000000000000000e+00 0.000000000000000000e+00 0.000000000000000000e+00 0.000000000000000000e+00 0.000000000000000000e+00 0.000000000000000000e+00 0.000000000000000000e+00 2.932167456631247546e+02 2.930037554849725439e+02 2.928389641855122250e+02 2.919228498671848229e+02 2.905616445489444004e+02 0.000000000000000000e+00 2.898896982820991184e+02 2.856958581866913391e+02
0.000000000000000000e+00 0.000000000000000000e+00 0.000000000000000000e+00 0.000000000000000000e+00 0.000000000000000000e+00 0.000000000000000000e+00 0.000000000000000000e+00 0.000000000000000000e+00 0.000000000000000000e+00 0.000000000000000000e+00 2.932610396532034542e+02 2.930489850753244809e+02 2.928876421311569516e+02 2.919722228301753830e+02 2.906281256312170171e+02 0.000000000000000000e+00 2.899346471923690842e+02 2.857577280961887141e+02
0.000000000000000000e+00 0.000000000000000000e+00 0.000000000000000000e+00 0.000000000000000000e+00 0.000000000000000000e+00 0.000000000000000000e+00 0.000000000000000000e+00 0.000000000000000000e+00 0.000000000000000000e+00 0.000000000000000000e+00 2.932684799030112117e+02 2.930566302661449072e+02 2.928944586474478911e+02 2.919791017198180043e+02 2.906364480184271315e+02 0.000000000000000000e+00 2.899411607523804264e+02 2.857675741752756267e+02
0.000000000000000000e+00 0.000000000000000000e+00 0.000000000000000000e+00 0.000000000000000000e+00 0.000000000000000000e+00 0.000000000000000000e+00 0.000000000000000000e+00 0.000000000000000000e+00 0.000000000000000000e+00 0.000000000000000000e+00 2.933814944762999062e+02 2.931685399400574283e+02 2.930037961631352346e+02 2.920957695894311428e+02 2.907334474910805397e+02 0.000000000000000000e+00 2.900506942986022523e+02 2.858407707887874949e+02
0.000000000000000000e+00 0.000000000000000000e+00 0.000000000000000000e+00 0.000000000000000000e+00 0.000000000000000000e+00 0.000000000000000000e+00 0.000000000000000000e+00 0.000000000000000000e+00 0.000000000000000000e+00 0.000000000000000000e+00 2.933854388482287163e+02 2.931723179830494814e+02 2.930077326146384848e+02 2.920989219188039669e+02 2.907364532925805065e+02 0.000000000000000000e+00 2.900539337526562349e+02 2.858434756141161870e+02
0.000000000000000000e+00 0.000000000000000000e+00 0.000000000000000000e+00 0.000000000000000000e+00 0.000000000000000000e+00 0.000000000000000000e+00 0.000000000000000000e+00 0.000000000000000000e+00 0.000000000000000000e+00 0.000000000000000000e+00 2.933999886700866000e+02 2.931859463953939553e+02 2.930198508658320407e+02 2.921115866793650753e+02 2.907477795012123920e+02 0.000000000000000000e+00 2.900650751513570640e+02 2.858525313007379509e+02
0.000000000000000000e+00 0.000000000000000000e+00 0.000000000000000000e+00 0.000000000000000000e+00 0.000000000000000000e+00 0.000000000000000000e+00 0.000000000000000000e+00 0.000000000000000000e+00 0.000000000000000000e+00 0.000000000000000000e+00 2.934028065814812294e+02 2.931882767605947606e+02 2.930224346846498520e+02 2.921142004197904498e+02 2.907500905053730094e+02 0.000000000000000000e+00 2.900668475665815436e+02 2.858557029911396512e+02
0.000000000000000000e+00 0.000000000000000000e+00 0.000000000000000000e+00 0.000000000000000000e+00 0.000000000000000000e+00 0.000000000000000000e+00 0.000000000000000000e+00 0.000000000000000000e+00 0.000000000000000000e+00 0.000000000000000000e+00 2.934050020061698092e+02 2.931905601900143097e+02 2.930249621805232891e+02 2.921163336544691447e+02 2.907516041867456806e+02 0.000000000000000000e+00 2.900684774141990943e+02 2.858575006344442500e+02
