2.960000000000015064e+01 2.970000000000015206e+01 3.070000000000016627e+01 3.060000000000016485e+01 3.110000000000017195e+01 3.050000000000016342e+01 3.000000000000015632e+01 2.920000000000014495e+01 2.950000000000014921e+01 2.910000000000014353e+01
5.606666666666800580e+01 5.696666666666805412e+01 5.743333333333475821e+01 5.713333333333474684e+01 5.716666666666808538e+01 5.703333333333473831e+01 5.680000000000138272e+01 5.666666666666802854e+01 5.570000000000131735e+01 5.570000000000131024e+01
7.344444444444722819e+01 7.452222222222522419e+01 7.503333333333645783e+01 7.517777777778091775e+01 7.525555555555871479e+01 7.485555555555863805e+01 7.435555555555853857e+01 7.413333333333625319e+01 7.423333333333621908e+01 7.343333333333609403e+01
8.233333333333466442e+01 8.332222222222378605e+01 8.392222222222389405e+01 8.412592592592760354e+01 8.399629629629802707e+01 8.368518518518682470e+01 8.342222222222372352e+01 8.337777777777918686e+01 8.282592592592740743e+01 8.232222222222353025e+01
9.005679012345871115e+01 9.132222222222439711e+01 9.186296296296524133e+01 9.204691358024919623e+01 9.183827160494060138e+01 9.178395061728620874e+01 9.120493827160703404e+01 9.120000000000200657e+01 9.072716049382924552e+01 9.030246913580438672e+01
9.416543209876766696e+01 9.537818930041400733e+01 9.573456790123714200e+01 9.583950617284207851e+01 9.577572016461168403e+01 9.586625514403549175e+01 9.519506172839746228e+01 9.516378600823276201e+01 9.454609053498180060e+01 9.418724279835612379e+01
9.851111111111602270e+01 9.972386831276236308e+01 1.002382716049436198e+02 1.002817558299092866e+02 1.002794238683181618e+02 1.001855967078241605e+02 9.945294924554686133e+01 9.951824417010101342e+01 9.876886145405161699e+01 9.878751714678145390e+01
1.033279378143615475e+02 1.042480566986782691e+02 1.050433927754959598e+02 1.048703246456377087e+02 1.049674897119386543e+02 1.048502514860582835e+02 1.041644261545537233e+02 1.041711934156419517e+02 1.036793324188426197e+02 1.032473251028848438e+02
1.085954275263010800e+02 1.098745160798759031e+02 1.104279378143674819e+02 1.103563176345169552e+02 1.104885992988974976e+02 1.103167352537821984e+02 1.095489711934252455e+02 1.095596402987445401e+02 1.091770309404150652e+02 1.088503734186960799e+02
1.112122643905933614e+02 1.124341258954460869e+02 1.130265660722481869e+02 1.129341360564987156e+02 1.130560128029297857e+02 1.129647868719228967e+02 1.122230351064396245e+02 1.122311029822715511e+02 1.118016714931694509e+02 1.113241426611831173e+02
1.135308269403467705e+02 1.146659807956200865e+02 1.152566868194305982e+02 1.152197496994119490e+02 1.153121458449860199e+02 1.151827685481641907e+02 1.143959288048996257e+02 1.145583362969829011e+02 1.139589578147051583e+02 1.136704516588019374e+02
1.156592107120052333e+02 1.167885840573066361e+02 1.173781339791227651e+02 1.172706746374467741e+02 1.173526658650714012e+02 1.171782005904686486e+02 1.165462785144513589e+02 1.166531931108042670e+02 1.159983217327961569e+02 1.157364059227637370e+02
1.168461420929047563e+02 1.179662666222510978e+02 1.185835629919324106e+02 1.185246599340204909e+02 1.186020267536675874e+02 1.184568493962558620e+02 1.177717466284969703e+02 1.178601635929397560e+02 1.172761998039204485e+02 1.170058059125958891e+02
1.178059636598055135e+02 1.189317402433466668e+02 1.195202625189453016e+02 1.194192259661266036e+02 1.195120074790322775e+02 1.193801895224446525e+02 1.187192364407908656e+02 1.187624369716751573e+02 1.182046781611954316e+02 1.178864987207692820e+02
1.183989155271603266e+02 1.195205815258324691e+02 1.201128718375610305e+02 1.200238244906102807e+02 1.201138656136032807e+02 1.199464225881508952e+02 1.192727952031509915e+02 1.193721737272450980e+02 1.187637177033809053e+02 1.184404000318684922e+02
1.190600345935654758e+02 1.201650298869362103e+02 1.207465870048405776e+02 1.206703281441484421e+02 1.207576288772288819e+02 1.206109671419467446e+02 1.199530969989440621e+02 1.200456245482567681e+02 1.194547526929981700e+02 1.191241273150522630e+02
1.194656123006243860e+02 1.206033400290618118e+02 1.211766759772284985e+02 1.211036142381010166e+02 1.211762995583144686e+02 1.210332916762490783e+02 1.203798366058832983e+02 1.204676445947910395e+02 1.198769249834164725e+02 1.195677659931189538e+02
1.200281027041842918e+02 1.211745590819732428e+02 1.217686001983691284e+02 1.216995982961493326e+02 1.217824332086319998e+02 1.216397298143346859e+02 1.209650620961262462e+02 1.210397771110066998e+02 1.204553502468390462e+02 1.201845567153191610e+02
