0.000000000000000000e+00 0.000000000000000000e+00 0.000000000000000000e+00 0.000000000000000000e+00 0.000000000000000000e+00 0.000000000000000000e+00 0.000000000000000000e+00 0.000000000000000000e+00 0.000000000000000000e+00 0.000000000000000000e+00 0.000000000000000000e+00 6.790000000000041780e+01 6.970000000000031548e+01 7.140000000000021885e+01 6.780000000000042348e+01 0.000000000000000000e+00 6.490000000000058833e+01 0.000000000000000000e+00 5.830000000000055849e+01
0.000000000000000000e+00 0.000000000000000000e+00 0.000000000000000000e+00 0.000000000000000000e+00 0.000000000000000000e+00 0.000000000000000000e+00 0.000000000000000000e+00 0.000000000000000000e+00 0.000000000000000000e+00 0.000000000000000000e+00 0.000000000000000000e+00 1.132333333333311742e+02 1.142999999999977803e+02 1.127999999999978655e+02 1.087333333333314300e+02 0.000000000000000000e+00 1.092333333333314016e+02 0.000000000000000000e+00 1.083666666666649832e+02
0.000000000000000000e+00 0.000000000000000000e+00 0.000000000000000000e+00 0.000000000000000000e+00 0.000000000000000000e+00 0.000000000000000000e+00 0.000000000000000000e+00 0.000000000000000000e+00 0.000000000000000000e+00 0.000000000000000000e+00 0.000000000000000000e+00 1.355000000000013074e+02 1.352333333333343717e+02 1.352000000000013529e+02 1.324666666666684591e+02 0.000000000000000000e+00 1.336777777777796530e+02 0.000000000000000000e+00 1.279222222222235956e+02
0.000000000000000000e+00 0.000000000000000000e+00 0.000000000000000000e+00 0.000000000000000000e+00 0.000000000000000000e+00 0.000000000000000000e+00 0.000000000000000000e+00 0.000000000000000000e+00 0.000000000000000000e+00 0.000000000000000000e+00 0.000000000000000000e+00 1.599740740740713818e+02 1.605370370370339401e+02 1.597925925925899264e+02 1.595481481481455148e+02 0.000000000000000000e+00 1.553962962962946222e+02 0.000000000000000000e+00 1.528999999999973056e+02
0.000000000000000000e+00 0.000000000000000000e+00 0.000000000000000000e+00 0.000000000000000000e+00 0.000000000000000000e+00 0.000000000000000000e+00 0.000000000000000000e+00 0.000000000000000000e+00 0.000000000000000000e+00 0.000000000000000000e+00 0.000000000000000000e+00 1.698506172839415740e+02 1.696827160493737381e+02 1.684641975308559552e+02 1.673308641975232263e+02 0.000000000000000000e+00 1.675839506172744393e+02 0.000000000000000000e+00 1.644950617283849112e+02
0.000000000000000000e+00 0.000000000000000000e+00 0.000000000000000000e+00 0.000000000000000000e+00 0.000000000000000000e+00 0.000000000000000000e+00 0.000000000000000000e+00 0.000000000000000000e+00 0.000000000000000000e+00 0.000000000000000000e+00 0.000000000000000000e+00 1.790292181069875426e+02 1.797041152263292361e+02 1.776691358024615965e+02 1.766411522633675588e+02 0.000000000000000000e+00 1.758802469135713693e+02 0.000000000000000000e+00 1.711584362139821280e+02
0.000000000000000000e+00 0.000000000000000000e+00 0.000000000000000000e+00 0.000000000000000000e+00 0.000000000000000000e+00 0.000000000000000000e+00 0.000000000000000000e+00 0.000000000000000000e+00 0.000000000000000000e+00 0.000000000000000000e+00 0.000000000000000000e+00 1.858857338820149607e+02 1.866220850479958244e+02 1.858337448559513518e+02 1.839541838134288128e+02 0.000000000000000000e+00 1.829035665294765352e+02 0.000000000000000000e+00 1.787787379972392330e+02
0.000000000000000000e+00 0.000000000000000000e+00 0.000000000000000000e+00 0.000000000000000000e+00 0.000000000000000000e+00 0.000000000000000000e+00 0.000000000000000000e+00 0.000000000000000000e+00 0.000000000000000000e+00 0.000000000000000000e+00 0.000000000000000000e+00 1.886482395976132693e+02 1.889924554183714918e+02 1.883153177869125443e+02 1.872024691357954680e+02 0.000000000000000000e+00 1.863508459076278143e+02 0.000000000000000000e+00 1.820270233196058882e+02
0.000000000000000000e+00 0.000000000000000000e+00 0.000000000000000000e+00 0.000000000000000000e+00 0.000000000000000000e+00 0.000000000000000000e+00 0.000000000000000000e+00 0.000000000000000000e+00 0.000000000000000000e+00 0.000000000000000000e+00 0.000000000000000000e+00 1.928115073921458702e+02 1.934522633744640530e+02 1.921586343544988722e+02 1.912174668495480887e+02 0.000000000000000000e+00 1.896518061270978990e+02 0.000000000000000000e+00 1.856557384544843501e+02
0.000000000000000000e+00 0.000000000000000000e+00 0.000000000000000000e+00 0.000000000000000000e+00 0.000000000000000000e+00 0.000000000000000000e+00 0.000000000000000000e+00 0.000000000000000000e+00 0.000000000000000000e+00 0.000000000000000000e+00 0.000000000000000000e+00 1.972283950616968582e+02 1.970341563785698895e+02 1.962997916983888445e+02 1.949892496062317946e+02 0.000000000000000000e+00 1.944614794492414660e+02 0.000000000000000000e+00 1.909466392317910106e+02
0.000000000000000000e+00 0.000000000000000000e+00 0.000000000000000000e+00 0.000000000000000000e+00 0.000000000000000000e+00 0.000000000000000000e+00 0.000000000000000000e+00 0.000000000000000000e+00 0.000000000000000000e+00 0.000000000000000000e+00 0.000000000000000000e+00 1.989243966874701073e+02 1.991567596402738332e+02 1.980946400446826203e+02 1.972106995884562650e+02 0.000000000000000000e+00 1.965927534759033506e+02 0.000000000000000000e+00 1.931195329302510117e+02
0.000000000000000000e+00 0.000000000000000000e+00 0.000000000000000000e+00 0.000000000000000000e+00 0.000000000000000000e+00 0.000000000000000000e+00 0.000000000000000000e+00 0.000000000000000000e+00 0.000000000000000000e+00 0.000000000000000000e+00 0.000000000000000000e+00 2.016470168842412534e+02 2.016839985999943110e+02 2.007733283656672256e+02 1.999182904593004366e+02 0.000000000000000000e+00 1.994876328698375119e+02 0.000000000000000000e+00 1.957739431093535813e+02
0.000000000000000000e+00 0.000000000000000000e+00 0.000000000000000000e+00 0.000000000000000000e+00 0.000000000000000000e+00 0.000000000000000000e+00 0.000000000000000000e+00 0.000000000000000000e+00 0.000000000000000000e+00 0.000000000000000000e+00 0.000000000000000000e+00 2.029295193633430756e+02 2.032532143737030310e+02 2.023356075274096497e+02 2.010828705349752283e+02 0.000000000000000000e+00 2.006491300068606165e+02 0.000000000000000000e+00 1.967412151113204004e+02
0.000000000000000000e+00 0.000000000000000000e+00 0.000000000000000000e+00 0.000000000000000000e+00 0.000000000000000000e+00 0.000000000000000000e+00 0.000000000000000000e+00 0.000000000000000000e+00 0.000000000000000000e+00 0.000000000000000000e+00 0.000000000000000000e+00 2.037197793043776244e+02 2.039078250140658497e+02 2.029496261421926704e+02 2.017256632438401311e+02 0.000000000000000000e+00 2.012210151267380240e+02 0.000000000000000000e+00 1.975782329552380077e+02
0.000000000000000000e+00 0.000000000000000000e+00 0.000000000000000000e+00 0.000000000000000000e+00 0.000000000000000000e+00 0.000000000000000000e+00 0.000000000000000000e+00 0.000000000000000000e+00 0.000000000000000000e+00 0.000000000000000000e+00 0.000000000000000000e+00 2.040469133501894987e+02 2.041784385179311698e+02 2.032774452854826848e+02 2.021137709652064700e+02 0.000000000000000000e+00 2.015693871943722399e+02 0.000000000000000000e+00 1.979714789076903969e+02
0.000000000000000000e+00 0.000000000000000000e+00 0.000000000000000000e+00 0.000000000000000000e+00 0.000000000000000000e+00 0.000000000000000000e+00 0.000000000000000000e+00 0.000000000000000000e+00 0.000000000000000000e+00 0.000000000000000000e+00 0.000000000000000000e+00 2.042983441246668974e+02 2.044033788565871532e+02 2.035307029865684569e+02 2.023891801514187705e+02 0.000000000000000000e+00 2.018486785996273341e+02 0.000000000000000000e+00 1.982857102843306336e+02
0.000000000000000000e+00 0.000000000000000000e+00 0.000000000000000000e+00 0.000000000000000000e+00 0.000000000000000000e+00 0.000000000000000000e+00 0.000000000000000000e+00 0.000000000000000000e+00 0.000000000000000000e+00 0.000000000000000000e+00 0.000000000000000000e+00 2.050387061327102458e+02 2.052364573900054552e+02 2.042850714319426686e+02 2.031494861082701959e+02 0.000000000000000000e+00 2.026566368921805008e+02 0.000000000000000000e+00 1.989569535690238524e+02
0.000000000000000000e+00 0.000000000000000000e+00 0.000000000000000000e+00 0.000000000000000000e+00 0.000000000000000000e+00 0.000000000000000000e+00 0.000000000000000000e+00 0.000000000000000000e+00 0.000000000000000000e+00 0.000000000000000000e+00 0.000000000000000000e+00 2.051517725905734721e+02 2.053489148723326139e+02 2.044312255605989037e+02 2.033063988047302928e+02 0.000000000000000000e+00 2.027851307302907742e+02 0.000000000000000000e+00 1.991118363470303905e+02
