2.430000000000007532e+01 2.540000000000009095e+01 2.580000000000009663e+01 2.600000000000009948e+01 2.570000000000009521e+01 2.410000000000007248e+01 2.470000000000008100e+01 2.400000000000007105e+01
4.123333333333383877e+01 4.220000000000057838e+01 4.273333333333394535e+01 4.226666666666725547e+01 4.243333333333392687e+01 4.076666666666714889e+01 4.130000000000051585e+01 4.040000000000046043e+01
5.790000000000044622e+01 5.908888888888940727e+01 5.926666666666721994e+01 5.871111111111164149e+01 5.927777777777831147e+01 5.752222222222264492e+01 5.783333333333379045e+01 5.706666666666706789e+01
7.229999999999955662e+01 7.372592592592522465e+01 7.408148148148075052e+01 7.361481481481418143e+01 7.412222222222146684e+01 7.245555555555509386e+01 7.264814814814766919e+01 7.223703703703661461e+01
8.229506172839538181e+01 8.338518518518522171e+01 8.409629629629633030e+01 8.362962962962976121e+01 8.397901234567900985e+01 8.247037037037067364e+01 8.242592592592619383e+01 8.191604938271636627e+01
8.894526748971276220e+01 9.008806584362194769e+01 9.041728395061780077e+01 9.000329218107057727e+01 9.045802469135851709e+01 8.898888888888969007e+01 8.924732510288144738e+01 8.872427983539178342e+01
9.345775034293913563e+01 9.438984910837082509e+01 9.498244170096354821e+01 9.429629629629955900e+01 9.487393689986603817e+01 9.322043895747940212e+01 9.371591220850834247e+01 9.305240054870034783e+01
9.774782807499134663e+01 9.881454046639466071e+01 9.918472793781687358e+01 9.883219021490864975e+01 9.915816186557165679e+01 9.775633287608849287e+01 9.808207590306625434e+01 9.752976680384351482e+01
1.017784331656828556e+02 1.026734644109192516e+02 1.032387440938947805e+02 1.026598994055847101e+02 1.031263374485661046e+02 1.015333180917606910e+02 1.018005334552724577e+02 1.015096479195311616e+02
1.045851597825530064e+02 1.056882893867788482e+02 1.061261088248733415e+02 1.056487120865706260e+02 1.059798861962088807e+02 1.045611492150571280e+02 1.046254686785541850e+02 1.045166692069286540e+02
1.063089078561916665e+02 1.073738860946025682e+02 1.078013006147475323e+02 1.073343087943943459e+02 1.077747345425026566e+02 1.062970363596369054e+02 1.064133804128816081e+02 1.063011126352729008e+02
1.083124326124568029e+02 1.094271232366261586e+02 1.098568499607598881e+02 1.093956386503786149e+02 1.097493567489082267e+02 1.083768638475312969e+02 1.084469638210006934e+02 1.082248663539256341e+02
1.091825920468954791e+02 1.102595166725816682e+02 1.107300923338502514e+02 1.102519248608846993e+02 1.106071844287401547e+02 1.092493354859587384e+02 1.093440989686416316e+02 1.091019624003306063e+02
1.103541087345473670e+02 1.114716253858144768e+02 1.118651275807901726e+02 1.113972365699970055e+02 1.118049060949316242e+02 1.103684422165314629e+02 1.104832448004505068e+02 1.102308317699670965e+02
1.106487006501598103e+02 1.117651896552096673e+02 1.121710236047923956e+02 1.116973092654347965e+02 1.121183381911937005e+02 1.106534427674495475e+02 1.107932514093217407e+02 1.105261087830577083e+02
1.115151205941809280e+02 1.125898186530642420e+02 1.130027319432544175e+02 1.125420344559814794e+02 1.129256113862687272e+02 1.114691654980883015e+02 1.116037217259614209e+02 1.113477690251736760e+02
1.118996886452435433e+02 1.129599235351439006e+02 1.133877567259691261e+02 1.129217307027550987e+02 1.133074390474187823e+02 1.118474915499056408e+02 1.120024484582389306e+02 1.117143722979206188e+02
1.121035939539320765e+02 1.131597690069247477e+02 1.135844558241465165e+02 1.131240120766805575e+02 1.135132727786384663e+02 1.120602270038683912e+02 1.122014819626382405e+02 1.119179731188410756e+02
