0.000000000000000000e+00 0.000000000000000000e+00 0.000000000000000000e+00 0.000000000000000000e+00 0.000000000000000000e+00 0.000000000000000000e+00 0.000000000000000000e+00 0.000000000000000000e+00 3.350000000000020606e+01 3.460000000000022169e+01 0.000000000000000000e+00 0.000000000000000000e+00 3.190000000000018332e+01
0.000000000000000000e+00 0.000000000000000000e+00 0.000000000000000000e+00 0.000000000000000000e+00 0.000000000000000000e+00 0.000000000000000000e+00 0.000000000000000000e+00 0.000000000000000000e+00 5.796666666666808965e+01 5.720000000000134577e+01 0.000000000000000000e+00 0.000000000000000000e+00 5.150000000000115108e+01
0.000000000000000000e+00 0.000000000000000000e+00 0.000000000000000000e+00 0.000000000000000000e+00 0.000000000000000000e+00 0.000000000000000000e+00 0.000000000000000000e+00 0.000000000000000000e+00 7.343333333333620772e+01 7.448888888889185012e+01 0.000000000000000000e+00 0.000000000000000000e+00 6.318888888888999844e+01
0.000000000000000000e+00 0.000000000000000000e+00 0.000000000000000000e+00 0.000000000000000000e+00 0.000000000000000000e+00 0.000000000000000000e+00 0.000000000000000000e+00 0.000000000000000000e+00 9.192222222222207506e+01 9.120000000000023022e+01 0.000000000000000000e+00 0.000000000000000000e+00 8.724814814814551767e+01
0.000000000000000000e+00 0.000000000000000000e+00 0.000000000000000000e+00 0.000000000000000000e+00 0.000000000000000000e+00 0.000000000000000000e+00 0.000000000000000000e+00 0.000000000000000000e+00 9.707777777777802442e+01 9.813333333333409314e+01 0.000000000000000000e+00 0.000000000000000000e+00 9.491234567901030061e+01
0.000000000000000000e+00 0.000000000000000000e+00 0.000000000000000000e+00 0.000000000000000000e+00 0.000000000000000000e+00 0.000000000000000000e+00 0.000000000000000000e+00 0.000000000000000000e+00 1.063090534979433386e+02 1.061530864197544588e+02 0.000000000000000000e+00 0.000000000000000000e+00 1.039987654320974144e+02
0.000000000000000000e+00 0.000000000000000000e+00 0.000000000000000000e+00 0.000000000000000000e+00 0.000000000000000000e+00 0.000000000000000000e+00 0.000000000000000000e+00 0.000000000000000000e+00 1.125773662551488457e+02 1.126145404663976706e+02 0.000000000000000000e+00 0.000000000000000000e+00 1.088272976680400319e+02
0.000000000000000000e+00 0.000000000000000000e+00 0.000000000000000000e+00 0.000000000000000000e+00 0.000000000000000000e+00 0.000000000000000000e+00 0.000000000000000000e+00 0.000000000000000000e+00 1.159895290352122004e+02 1.163134887974440517e+02 0.000000000000000000e+00 0.000000000000000000e+00 1.134217192501150464e+02
0.000000000000000000e+00 0.000000000000000000e+00 0.000000000000000000e+00 0.000000000000000000e+00 0.000000000000000000e+00 0.000000000000000000e+00 0.000000000000000000e+00 0.000000000000000000e+00 1.172498247218466219e+02 1.178469135802531156e+02 0.000000000000000000e+00 0.000000000000000000e+00 1.145298430117378814e+02
0.000000000000000000e+00 0.000000000000000000e+00 0.000000000000000000e+00 0.000000000000000000e+00 0.000000000000000000e+00 0.000000000000000000e+00 0.000000000000000000e+00 0.000000000000000000e+00 1.200383427323051961e+02 1.205938119189138007e+02 0.000000000000000000e+00 0.000000000000000000e+00 1.167981151247228411e+02
0.000000000000000000e+00 0.000000000000000000e+00 0.000000000000000000e+00 0.000000000000000000e+00 0.000000000000000000e+00 0.000000000000000000e+00 0.000000000000000000e+00 0.000000000000000000e+00 1.216805856153392114e+02 1.225811512472738656e+02 0.000000000000000000e+00 0.000000000000000000e+00 1.183709918880933287e+02
0.000000000000000000e+00 0.000000000000000000e+00 0.000000000000000000e+00 0.000000000000000000e+00 0.000000000000000000e+00 0.000000000000000000e+00 0.000000000000000000e+00 0.000000000000000000e+00 1.221025628432888794e+02 1.228863621737908858e+02 0.000000000000000000e+00 0.000000000000000000e+00 1.187999057280092927e+02
0.000000000000000000e+00 0.000000000000000000e+00 0.000000000000000000e+00 0.000000000000000000e+00 0.000000000000000000e+00 0.000000000000000000e+00 0.000000000000000000e+00 0.000000000000000000e+00 1.226282038834015253e+02 1.234143154178922970e+02 0.000000000000000000e+00 0.000000000000000000e+00 1.192877807696387720e+02
0.000000000000000000e+00 0.000000000000000000e+00 0.000000000000000000e+00 0.000000000000000000e+00 0.000000000000000000e+00 0.000000000000000000e+00 0.000000000000000000e+00 0.000000000000000000e+00 1.230510803017951673e+02 1.237596045468844324e+02 0.000000000000000000e+00 0.000000000000000000e+00 1.195472614394914928e+02
0.000000000000000000e+00 0.000000000000000000e+00 0.000000000000000000e+00 0.000000000000000000e+00 0.000000000000000000e+00 0.000000000000000000e+00 0.000000000000000000e+00 0.000000000000000000e+00 1.232744220796780894e+02 1.240004163104606505e+02 0.000000000000000000e+00 0.000000000000000000e+00 1.197682053762008252e+02
0.000000000000000000e+00 0.000000000000000000e+00 0.000000000000000000e+00 0.000000000000000000e+00 0.000000000000000000e+00 0.000000000000000000e+00 0.000000000000000000e+00 0.000000000000000000e+00 1.247996774318438895e+02 1.253018731531007006e+02 0.000000000000000000e+00 0.000000000000000000e+00 1.217371755283753316e+02
0.000000000000000000e+00 0.000000000000000000e+00 0.000000000000000000e+00 0.000000000000000000e+00 0.000000000000000000e+00 0.000000000000000000e+00 0.000000000000000000e+00 0.000000000000000000e+00 1.249497899014985762e+02 1.254363045027001817e+02 0.000000000000000000e+00 0.000000000000000000e+00 1.219093633612145311e+02
0.000000000000000000e+00 0.000000000000000000e+00 0.000000000000000000e+00 0.000000000000000000e+00 0.000000000000000000e+00 0.000000000000000000e+00 0.000000000000000000e+00 0.000000000000000000e+00 1.249791222231566081e+02 1.254782223187720405e+02 0.000000000000000000e+00 0.000000000000000000e+00 1.219396091461767924e+02
