3.720000000000025864e+01 3.830000000000027427e+01 3.870000000000027995e+01 3.780000000000026716e+01 3.860000000000027853e+01 3.590000000000024016e+01 3.750000000000026290e+01 3.600000000000024158e+01
5.406666666666776422e+01 5.483333333333442994e+01 5.530000000000110560e+01 5.480000000000111271e+01 5.493333333333442425e+01 5.330000000000110560e+01 5.356666666666772869e+01 5.253333333333439725e+01
7.046666666666874335e+01 7.181111111111339085e+01 7.156666666666892240e+01 7.111111111111330274e+01 7.137777777777999688e+01 7.010000000000202647e+01 7.032222222222424080e+01 6.991111111111305831e+01
8.542962962962926099e+01 8.632962962962953668e+01 8.667777777777756398e+01 8.607407407407382038e+01 8.648888888888863846e+01 8.444074074074042358e+01 8.543333333333288238e+01 8.431111111111070500e+01
1.000469135802476615e+02 1.011839506172849923e+02 1.014333333333342466e+02 1.009876543209885398e+02 1.011654320987663027e+02 9.967037037037121650e+01 9.969506172839570013e+01 9.952098765432174332e+01
1.084748971193429554e+02 1.093485596707835583e+02 1.095847736625529762e+02 1.092181069958862878e+02 1.094353909465035599e+02 1.075584362139932182e+02 1.082020576131700125e+02 1.077251028806598185e+02
1.151207133059039762e+02 1.160646090535037445e+02 1.162393689986338927e+02 1.157410150891687692e+02 1.159231824417064587e+02 1.141779149519945520e+02 1.147513031550121809e+02 1.142041152263428216e+02
1.201716506630131960e+02 1.210862825788800023e+02 1.214775948788340685e+02 1.210026520347553145e+02 1.210794695930543412e+02 1.193400548696890269e+02 1.196910379515361456e+02 1.193428440786509270e+02
1.226103033074296462e+02 1.236380887059973759e+02 1.238538180155534576e+02 1.233593659503193720e+02 1.235688462124746536e+02 1.218255296448782730e+02 1.221374942844147284e+02 1.217073616826771172e+02
1.253910176294261163e+02 1.265254534369759369e+02 1.268556368439762139e+02 1.263611847787421283e+02 1.265784687293595141e+02 1.247363054412431467e+02 1.251315094243753805e+02 1.245322969059588445e+02
1.280529424715139726e+02 1.291422903012825145e+02 1.294065758946024403e+02 1.288479601686795775e+02 1.291883689816997389e+02 1.274329133431627810e+02 1.276425629561950785e+02 1.272080949719794205e+02
1.308079335241278329e+02 1.318672227020424259e+02 1.321500059272724741e+02 1.316607563210125704e+02 1.318381547528247779e+02 1.301312553980519056e+02 1.303963979068145704e+02 1.300359204502393879e+02
1.320334016381734443e+02 1.331250616719307516e+02 1.334070741624978780e+02 1.328846829657323383e+02 1.331268231092299743e+02 1.313998846532211360e+02 1.316920028751860627e+02 1.312382665243973463e+02
1.328128712939272873e+02 1.338701051794080570e+02 1.341824332333828806e+02 1.336251020652321984e+02 1.338929333641600863e+02 1.321839787169524243e+02 1.324956222170443425e+02 1.320100288335221137e+02
1.338432579010499239e+02 1.348737729848832316e+02 1.351302655943896411e+02 1.346287698707073730e+02 1.348695398192487289e+02 1.331229048107433641e+02 1.334427694805729629e+02 1.330404154406447503e+02
1.346185598804784149e+02 1.356536422808326563e+02 1.358934641850376579e+02 1.353629660014474609e+02 1.356236037768548783e+02 1.339192164461681500e+02 1.342014007547000460e+02 1.338447198799811702e+02
1.347526867423098338e+02 1.357815271434187991e+02 1.360274388029850456e+02 1.354945047172503507e+02 1.357603187847148263e+02 1.340557792101440668e+02 1.343359843481835583e+02 1.339750406447118110e+02
1.349907961769122835e+02 1.360038032140834900e+02 1.362626048558298351e+02 1.357290617945590725e+02 1.359950788538689039e+02 1.342835360606333666e+02 1.345530841267916742e+02 1.341922419192426048e+02
