0.000000000000000000e+00 0.000000000000000000e+00 0.000000000000000000e+00 0.000000000000000000e+00 0.000000000000000000e+00 0.000000000000000000e+00 0.000000000000000000e+00 0.000000000000000000e+00 1.123999999999978883e+02 1.124999999999978826e+02 0.000000000000000000e+00 0.000000000000000000e+00 7.510000000000000853e+01
0.000000000000000000e+00 0.000000000000000000e+00 0.000000000000000000e+00 0.000000000000000000e+00 0.000000000000000000e+00 0.000000000000000000e+00 0.000000000000000000e+00 0.000000000000000000e+00 1.959999999999931504e+02 1.971666666666597507e+02 0.000000000000000000e+00 0.000000000000000000e+00 1.734999999999944293e+02
0.000000000000000000e+00 0.000000000000000000e+00 0.000000000000000000e+00 0.000000000000000000e+00 0.000000000000000000e+00 0.000000000000000000e+00 0.000000000000000000e+00 0.000000000000000000e+00 2.508888888888906195e+02 2.486333333333344626e+02 0.000000000000000000e+00 0.000000000000000000e+00 2.449222222222278162e+02
0.000000000000000000e+00 0.000000000000000000e+00 0.000000000000000000e+00 0.000000000000000000e+00 0.000000000000000000e+00 0.000000000000000000e+00 0.000000000000000000e+00 0.000000000000000000e+00 2.690814814814928013e+02 2.700259259259370310e+02 0.000000000000000000e+00 0.000000000000000000e+00 2.645962962963069458e+02
0.000000000000000000e+00 0.000000000000000000e+00 0.000000000000000000e+00 0.000000000000000000e+00 0.000000000000000000e+00 0.000000000000000000e+00 0.000000000000000000e+00 0.000000000000000000e+00 2.795703703703900374e+02 2.831024691358239807e+02 0.000000000000000000e+00 0.000000000000000000e+00 2.805370370370603723e+02
0.000000000000000000e+00 0.000000000000000000e+00 0.000000000000000000e+00 0.000000000000000000e+00 0.000000000000000000e+00 0.000000000000000000e+00 0.000000000000000000e+00 0.000000000000000000e+00 2.954781893003980713e+02 2.966794238683060030e+02 0.000000000000000000e+00 0.000000000000000000e+00 2.905584362139942414e+02
0.000000000000000000e+00 0.000000000000000000e+00 0.000000000000000000e+00 0.000000000000000000e+00 0.000000000000000000e+00 0.000000000000000000e+00 0.000000000000000000e+00 0.000000000000000000e+00 3.015709190672155273e+02 3.026668038408845405e+02 0.000000000000000000e+00 0.000000000000000000e+00 2.960366255144180059e+02
0.000000000000000000e+00 0.000000000000000000e+00 0.000000000000000000e+00 0.000000000000000000e+00 0.000000000000000000e+00 0.000000000000000000e+00 0.000000000000000000e+00 0.000000000000000000e+00 3.061477823502618776e+02 3.065471879286847070e+02 0.000000000000000000e+00 0.000000000000000000e+00 2.992849108367846611e+02
0.000000000000000000e+00 0.000000000000000000e+00 0.000000000000000000e+00 0.000000000000000000e+00 0.000000000000000000e+00 0.000000000000000000e+00 0.000000000000000000e+00 0.000000000000000000e+00 3.106075903063544388e+02 3.095438042981327271e+02 0.000000000000000000e+00 0.000000000000000000e+00 3.035340192044004084e+02
0.000000000000000000e+00 0.000000000000000000e+00 0.000000000000000000e+00 0.000000000000000000e+00 0.000000000000000000e+00 0.000000000000000000e+00 0.000000000000000000e+00 0.000000000000000000e+00 3.133466849565530197e+02 3.129748259919712154e+02 0.000000000000000000e+00 0.000000000000000000e+00 3.077688208098356313e+02
0.000000000000000000e+00 0.000000000000000000e+00 0.000000000000000000e+00 0.000000000000000000e+00 0.000000000000000000e+00 0.000000000000000000e+00 0.000000000000000000e+00 0.000000000000000000e+00 3.162063032396350764e+02 3.165159664007362608e+02 0.000000000000000000e+00 0.000000000000000000e+00 3.117729800673471345e+02
0.000000000000000000e+00 0.000000000000000000e+00 0.000000000000000000e+00 0.000000000000000000e+00 0.000000000000000000e+00 0.000000000000000000e+00 0.000000000000000000e+00 0.000000000000000000e+00 3.176468063246712745e+02 3.178466397963034069e+02 0.000000000000000000e+00 0.000000000000000000e+00 3.136262115643880861e+02
0.000000000000000000e+00 0.000000000000000000e+00 0.000000000000000000e+00 0.000000000000000000e+00 0.000000000000000000e+00 0.000000000000000000e+00 0.000000000000000000e+00 0.000000000000000000e+00 3.204761732722570855e+02 3.205619380137767962e+02 0.000000000000000000e+00 0.000000000000000000e+00 3.173303623543901040e+02
0.000000000000000000e+00 0.000000000000000000e+00 0.000000000000000000e+00 0.000000000000000000e+00 0.000000000000000000e+00 0.000000000000000000e+00 0.000000000000000000e+00 0.000000000000000000e+00 3.207772736139162930e+02 3.208918124495194775e+02 0.000000000000000000e+00 0.000000000000000000e+00 3.177270337942551350e+02
0.000000000000000000e+00 0.000000000000000000e+00 0.000000000000000000e+00 0.000000000000000000e+00 0.000000000000000000e+00 0.000000000000000000e+00 0.000000000000000000e+00 0.000000000000000000e+00 3.210900206126872263e+02 3.212857434994500068e+02 0.000000000000000000e+00 0.000000000000000000e+00 3.180480019627637489e+02
0.000000000000000000e+00 0.000000000000000000e+00 0.000000000000000000e+00 0.000000000000000000e+00 0.000000000000000000e+00 0.000000000000000000e+00 0.000000000000000000e+00 0.000000000000000000e+00 3.213053695866492490e+02 3.215652632705311476e+02 0.000000000000000000e+00 0.000000000000000000e+00 3.182382306958606364e+02
0.000000000000000000e+00 0.000000000000000000e+00 0.000000000000000000e+00 0.000000000000000000e+00 0.000000000000000000e+00 0.000000000000000000e+00 0.000000000000000000e+00 0.000000000000000000e+00 3.218857232725758877e+02 3.222355930919201796e+02 0.000000000000000000e+00 0.000000000000000000e+00 3.186622299128873124e+02
0.000000000000000000e+00 0.000000000000000000e+00 0.000000000000000000e+00 0.000000000000000000e+00 0.000000000000000000e+00 0.000000000000000000e+00 0.000000000000000000e+00 0.000000000000000000e+00 3.219696604006540497e+02 3.222895889227999646e+02 0.000000000000000000e+00 0.000000000000000000e+00 3.187272887993420909e+02
