3.710000000000025722e+01 3.870000000000027995e+01 3.850000000000027711e+01 3.780000000000026716e+01 3.830000000000027427e+01 3.650000000000024869e+01 3.650000000000024869e+01 3.660000000000025011e+01
5.416666666666777274e+01 5.510000000000109566e+01 5.516666666666777274e+01 5.486666666666778269e+01 5.463333333333441999e+01 5.296666666666773438e+01 5.316666666666774432e+01 5.326666666666774574e+01
7.038888888889096052e+01 7.163333333333558528e+01 7.196666666666898493e+01 7.108888888889107704e+01 7.134444444444665123e+01 6.932222222222408448e+01 7.041111111111315779e+01 7.051111111111316632e+01
9.690740740740514525e+01 9.761851851851652384e+01 9.783333333333142434e+01 9.725185185184976433e+01 9.750740740740533852e+01 9.578148148147901964e+01 9.541851851851647837e+01 9.575555555555348519e+01
1.089172839506159391e+02 1.097666666666655999e+02 1.102382716049373101e+02 1.094592592592581042e+02 1.097543209876531876e+02 1.081271604938256417e+02 1.082580246913569653e+02 1.083185185185174078e+02
1.172135802469128691e+02 1.181288065843617119e+02 1.182975308641971850e+02 1.178740740740735617e+02 1.179979423868307720e+02 1.163707818930032261e+02 1.166596707818925864e+02 1.161407407407402275e+02
1.235082304526780632e+02 1.247219478738033587e+02 1.250399176954770581e+02 1.245989026063136436e+02 1.246964334705111668e+02 1.229990397805244555e+02 1.230684499314164242e+02 1.227251028806619786e+02
1.288693644261587963e+02 1.297436213991838372e+02 1.300791495198981522e+02 1.294859625057218864e+02 1.297415180612780148e+02 1.281377686328328878e+02 1.283008230452707323e+02 1.279691815272087467e+02
1.327868160341351143e+02 1.336922877610085720e+02 1.338639384240186985e+02 1.333878067367739959e+02 1.337057918000269581e+02 1.318796372504118608e+02 1.323080170705612488e+02 1.319178478890335953e+02
1.356949906010126199e+02 1.366498856881460711e+02 1.369047756947519758e+02 1.363349997459620226e+02 1.366685921861391932e+02 1.347565970634409496e+02 1.351329522938429761e+02 1.348104150789868925e+02
1.374360802045671619e+02 1.383164067130623209e+02 1.385695625666766375e+02 1.380570136666090946e+02 1.383628596589208541e+02 1.365635844806758428e+02 1.369312689461199284e+02 1.365896560483563746e+02
1.388153098838656661e+02 1.397083535142990343e+02 1.400794317713403814e+02 1.395379803214132721e+02 1.398183920698486133e+02 1.380537999514350815e+02 1.383694598271319478e+02 1.380047248894807410e+02
1.397748745392032674e+02 1.407126207800860982e+02 1.410297476107229215e+02 1.405106474660205436e+02 1.407748737865345277e+02 1.390488184012670843e+02 1.392951121573009914e+02 1.389481041168969853e+02
1.410018841225520987e+02 1.419869020894265930e+02 1.422459669087910470e+02 1.417510164501931058e+02 1.419725954526928717e+02 1.402249594968640167e+02 1.405560340658177552e+02 1.401180793351906573e+02
1.415023478303334059e+02 1.425113442089428020e+02 1.427734919669588862e+02 1.422442866344539425e+02 1.424915567923839603e+02 1.407418655441206852e+02 1.410828740265074543e+02 1.406202557866673146e+02
1.416201845965734947e+02 1.426259838536182372e+02 1.428904152698947883e+02 1.423557291575647241e+02 1.426066531687114889e+02 1.408590172128826339e+02 1.411945449154442827e+02 1.407289579198655360e+02
1.419525329954134349e+02 1.429347344504333535e+02 1.432032764515787449e+02 1.426714829730452720e+02 1.429246906424525037e+02 1.411951717088233522e+02 1.415215647783431336e+02 1.410661781229944722e+02
1.422258615151851302e+02 1.432028866781484737e+02 1.434684852975362048e+02 1.429424770865953747e+02 1.431964967233840298e+02 1.414519563931985431e+02 1.417761165524194098e+02 1.413367662528538631e+02
