0.000000000000000000e+00 0.000000000000000000e+00 0.000000000000000000e+00 0.000000000000000000e+00 0.000000000000000000e+00 0.000000000000000000e+00 0.000000000000000000e+00 0.000000000000000000e+00 3.820000000000027285e+01 3.380000000000021032e+01 0.000000000000000000e+00 0.000000000000000000e+00 2.800000000000012790e+01
0.000000000000000000e+00 0.000000000000000000e+00 0.000000000000000000e+00 0.000000000000000000e+00 0.000000000000000000e+00 0.000000000000000000e+00 0.000000000000000000e+00 0.000000000000000000e+00 8.033333333333395387e+01 8.780000000000035243e+01 0.000000000000000000e+00 0.000000000000000000e+00 6.520000000000163709e+01
0.000000000000000000e+00 0.000000000000000000e+00 0.000000000000000000e+00 0.000000000000000000e+00 0.000000000000000000e+00 0.000000000000000000e+00 0.000000000000000000e+00 0.000000000000000000e+00 9.837777777778121902e+01 9.895555555555765181e+01 0.000000000000000000e+00 0.000000000000000000e+00 8.044444444444846454e+01
0.000000000000000000e+00 0.000000000000000000e+00 0.000000000000000000e+00 0.000000000000000000e+00 0.000000000000000000e+00 0.000000000000000000e+00 0.000000000000000000e+00 0.000000000000000000e+00 1.320962962962942413e+02 1.361111111111071352e+02 0.000000000000000000e+00 0.000000000000000000e+00 1.280888888888851227e+02
0.000000000000000000e+00 0.000000000000000000e+00 0.000000000000000000e+00 0.000000000000000000e+00 0.000000000000000000e+00 0.000000000000000000e+00 0.000000000000000000e+00 0.000000000000000000e+00 1.460814814814704334e+02 1.469753086419643466e+02 0.000000000000000000e+00 0.000000000000000000e+00 1.427456790123324879e+02
0.000000000000000000e+00 0.000000000000000000e+00 0.000000000000000000e+00 0.000000000000000000e+00 0.000000000000000000e+00 0.000000000000000000e+00 0.000000000000000000e+00 0.000000000000000000e+00 1.566296296296193873e+02 1.557720164608950597e+02 0.000000000000000000e+00 0.000000000000000000e+00 1.497382716049256146e+02
0.000000000000000000e+00 0.000000000000000000e+00 0.000000000000000000e+00 0.000000000000000000e+00 0.000000000000000000e+00 0.000000000000000000e+00 0.000000000000000000e+00 0.000000000000000000e+00 1.634422496570473982e+02 1.643404663922993620e+02 0.000000000000000000e+00 0.000000000000000000e+00 1.606946502057376733e+02
0.000000000000000000e+00 0.000000000000000000e+00 0.000000000000000000e+00 0.000000000000000000e+00 0.000000000000000000e+00 0.000000000000000000e+00 0.000000000000000000e+00 0.000000000000000000e+00 1.682941929583842580e+02 1.678696844993031334e+02 0.000000000000000000e+00 0.000000000000000000e+00 1.640190214906102142e+02
0.000000000000000000e+00 0.000000000000000000e+00 0.000000000000000000e+00 0.000000000000000000e+00 0.000000000000000000e+00 0.000000000000000000e+00 0.000000000000000000e+00 0.000000000000000000e+00 1.714819996951538315e+02 1.718534674592073372e+02 0.000000000000000000e+00 0.000000000000000000e+00 1.685529644870927655e+02
0.000000000000000000e+00 0.000000000000000000e+00 0.000000000000000000e+00 0.000000000000000000e+00 0.000000000000000000e+00 0.000000000000000000e+00 0.000000000000000000e+00 0.000000000000000000e+00 1.755008992531375043e+02 1.752974953004826659e+02 0.000000000000000000e+00 0.000000000000000000e+00 1.714949550373060561e+02
0.000000000000000000e+00 0.000000000000000000e+00 0.000000000000000000e+00 0.000000000000000000e+00 0.000000000000000000e+00 0.000000000000000000e+00 0.000000000000000000e+00 0.000000000000000000e+00 1.760887771172859004e+02 1.759061830005301204e+02 0.000000000000000000e+00 0.000000000000000000e+00 1.720325424646983947e+02
0.000000000000000000e+00 0.000000000000000000e+00 0.000000000000000000e+00 0.000000000000000000e+00 0.000000000000000000e+00 0.000000000000000000e+00 0.000000000000000000e+00 0.000000000000000000e+00 1.775362168142529811e+02 1.776033407282838539e+02 0.000000000000000000e+00 0.000000000000000000e+00 1.735123530175081896e+02
0.000000000000000000e+00 0.000000000000000000e+00 0.000000000000000000e+00 0.000000000000000000e+00 0.000000000000000000e+00 0.000000000000000000e+00 0.000000000000000000e+00 0.000000000000000000e+00 1.783431760063320723e+02 1.786083787287338396e+02 0.000000000000000000e+00 0.000000000000000000e+00 1.747832944766661853e+02
0.000000000000000000e+00 0.000000000000000000e+00 0.000000000000000000e+00 0.000000000000000000e+00 0.000000000000000000e+00 0.000000000000000000e+00 0.000000000000000000e+00 0.000000000000000000e+00 1.787192945218309603e+02 1.788935505540096358e+02 0.000000000000000000e+00 0.000000000000000000e+00 1.751496503531015776e+02
0.000000000000000000e+00 0.000000000000000000e+00 0.000000000000000000e+00 0.000000000000000000e+00 0.000000000000000000e+00 0.000000000000000000e+00 0.000000000000000000e+00 0.000000000000000000e+00 1.793985686714068208e+02 1.796142731010129694e+02 0.000000000000000000e+00 0.000000000000000000e+00 1.761474948300125618e+02
0.000000000000000000e+00 0.000000000000000000e+00 0.000000000000000000e+00 0.000000000000000000e+00 0.000000000000000000e+00 0.000000000000000000e+00 0.000000000000000000e+00 0.000000000000000000e+00 1.794579437861789586e+02 1.796939727743032620e+02 0.000000000000000000e+00 0.000000000000000000e+00 1.762367858679968151e+02
0.000000000000000000e+00 0.000000000000000000e+00 0.000000000000000000e+00 0.000000000000000000e+00 0.000000000000000000e+00 0.000000000000000000e+00 0.000000000000000000e+00 0.000000000000000000e+00 1.799184815353731040e+02 1.801333486236170813e+02 0.000000000000000000e+00 0.000000000000000000e+00 1.765548233417378299e+02
0.000000000000000000e+00 0.000000000000000000e+00 0.000000000000000000e+00 0.000000000000000000e+00 0.000000000000000000e+00 0.000000000000000000e+00 0.000000000000000000e+00 0.000000000000000000e+00 1.800058695247988112e+02 1.802588990799696944e+02 0.000000000000000000e+00 0.000000000000000000e+00 1.766463726639933327e+02
