5.199999999999999544e-04
3.235000000000000028e-03
1.057499999999999933e-02
2.205999999999999975e-02
3.604000000000000259e-02
5.079499999999999987e-02
6.198499999999999843e-02
7.058000000000000385e-02
7.404499999999999971e-02
7.676499999999999990e-02
7.420999999999999819e-02
7.022000000000000464e-02
6.518000000000000183e-02
5.820000000000000173e-02
5.000000000000000278e-02
4.378499999999999753e-02
3.755000000000000004e-02
3.189999999999999780e-02
2.793500000000000150e-02
2.322000000000000106e-02
1.982000000000000081e-02
1.567999999999999949e-02
1.344500000000000035e-02
1.093000000000000048e-02
9.129999999999999227e-03
7.530000000000000235e-03
6.349999999999999742e-03
4.890000000000000249e-03
4.165000000000000299e-03
3.664999999999999855e-03
3.119999999999999944e-03
2.265000000000000086e-03
1.990000000000000015e-03
1.590000000000000050e-03
1.144999999999999967e-03
9.449999999999999850e-04
8.050000000000000515e-04
6.700000000000000226e-04
6.250000000000000130e-04
4.699999999999999859e-04
3.699999999999999947e-04
3.299999999999999982e-04
2.599999999999999772e-04
1.949999999999999965e-04
1.499999999999999869e-04
8.500000000000000611e-05
9.500000000000000523e-05
9.500000000000000523e-05
6.000000000000000152e-05
5.500000000000000196e-05
6.000000000000000152e-05
3.499999999999999693e-05
1.500000000000000038e-05
4.000000000000000327e-05
3.000000000000000076e-05
2.500000000000000120e-05
1.500000000000000038e-05
1.000000000000000082e-05
1.500000000000000038e-05
5.000000000000000409e-06
5.000000000000000409e-06
1.000000000000000082e-05
5.000000000000000409e-06
5.000000000000000409e-06
