6.107602926096621001e-04
3.392435461822990508e-03
1.077400237583427470e-02
2.168537990631010451e-02
3.654103128352255425e-02
4.929586228739045450e-02
6.185294348372705198e-02
7.115355340965935638e-02
7.473557230869726231e-02
7.663059649053841071e-02
7.540814997247509421e-02
6.919354015929138346e-02
6.469651883414131999e-02
5.716918087914695662e-02
5.029749118186539053e-02
4.404551302795917805e-02
3.777341587758061697e-02
3.208979937402987176e-02
2.810120832330798013e-02
2.335815490485810761e-02
1.993792550449128773e-02
1.577329323463286248e-02
1.352499537880350045e-02
1.099503157235568948e-02
9.497261281058124588e-03
7.728717382106001753e-03
6.289505006206628016e-03
5.118297288847052130e-03
4.165187421135259360e-03
3.389562050447323446e-03
2.758370688323359687e-03
2.244717382647520246e-03
1.826714643281930010e-03
1.486550785313096130e-03
1.209730948094186716e-03
9.844594488365421801e-04
8.011371519678539338e-04
6.519524364580821544e-04
5.305483316553072110e-04
4.317516378210946261e-04
3.513524888102114710e-04
2.859249637503014693e-04
2.326811037327571291e-04
1.893521129605704213e-04
1.540916821669048044e-04
1.253973147792165194e-04
1.020463034260726300e-04
8.304362865553176307e-05
6.757955975616338862e-05
5.499515099202782504e-05
4.475416299763779247e-05
3.642021286403007301e-05
2.963817924896233906e-05
2.411907015681337670e-05
1.962770858299788034e-05
1.597271129087284592e-05
1.299833370272152235e-05
1.057783340414166818e-05
8.608069471423759268e-06
