5.820000000000055707e+01 5.840000000000055991e+01 5.720000000000054285e+01 5.960000000000057696e+01 5.990000000000058122e+01 6.100000000000059686e+01 6.020000000000058549e+01 6.120000000000059970e+01 6.090000000000059543e+01 6.080000000000059401e+01 6.020000000000058549e+01 6.070000000000059259e+01 6.060000000000059117e+01 6.060000000000059117e+01 6.050000000000058975e+01
1.219333333333308786e+02 1.241999999999974165e+02 1.253333333333307280e+02 1.259999999999972715e+02 1.266999999999972175e+02 1.264666666666638548e+02 1.273999999999971635e+02 1.277333333333304495e+02 1.282999999999971124e+02 1.277999999999971266e+02 1.276666666666638150e+02 1.278333333333304580e+02 1.275999999999971379e+02 1.277333333333304637e+02 1.272999999999971692e+02
1.502000000000019497e+02 1.540666666666687377e+02 1.558222222222243829e+02 1.561333333333353153e+02 1.568777777777796985e+02 1.560222222222240305e+02 1.571777777777795961e+02 1.572000000000017224e+02 1.571888888888905171e+02 1.575777777777795450e+02 1.574000000000017963e+02 1.577000000000017792e+02 1.572000000000017508e+02 1.571111111111128196e+02 1.567666666666684421e+02
1.700518518518505573e+02 1.737703703703692213e+02 1.750518518518508699e+02 1.758666666666654237e+02 1.763740740740728086e+02 1.765851851851836329e+02 1.767333333333319558e+02 1.769037037037022060e+02 1.771296296296279991e+02 1.772518518518504038e+02 1.771925925925911542e+02 1.770777777777763902e+02 1.770518518518503583e+02 1.768444444444429280e+02 1.768555555555540479e+02
1.986543209876346339e+02 2.010296296296109517e+02 2.027061728394874081e+02 2.031851851851663753e+02 2.039691358024501255e+02 2.041999999999806903e+02 2.043481481481290132e+02 2.046765432098571864e+02 2.047839506172645372e+02 2.048666666666474612e+02 2.050444444444250962e+02 2.045938271604747456e+02 2.046271604938079349e+02 2.044790123456597257e+02 2.043913580246721438e+02
2.147596707818745472e+02 2.171481481481307014e+02 2.188115226337273214e+02 2.192246913580071066e+02 2.200744855966900388e+02 2.199366255143851845e+02 2.202954732510108897e+02 2.205448559670600446e+02 2.205074074073891950e+02 2.203004115226157182e+02 2.203201646090353165e+02 2.203699588477187490e+02 2.202716049382535743e+02 2.199917695473070012e+02 2.200358024691177832e+02
2.408161865568827125e+02 2.420370370369946329e+02 2.434809327845942164e+02 2.442189300411096156e+02 2.448580246913153928e+02 2.452469135802034259e+02 2.455794238682694868e+02 2.455566529492023164e+02 2.455279835390513483e+02 2.457248285321924186e+02 2.454724279834956917e+02 2.455836762688182944e+02 2.453975308641543052e+02 2.453108367626451241e+02 2.452846364882968544e+02
2.466982167352223314e+02 2.477668952903224806e+02 2.493571101965872288e+02 2.503584819386999243e+02 2.506581161408025196e+02 2.510704160950769790e+02 2.512097850937050225e+02 2.514503886602351486e+02 2.513280749885384751e+02 2.514488340191736597e+02 2.514832190214606555e+02 2.513720621856122079e+02 2.513380887059599900e+02 2.511518975765584969e+02 2.511959304983695063e+02
2.567298582532573050e+02 2.576775796371948672e+02 2.590336838895964888e+02 2.598321597316944462e+02 2.601981252857249274e+02 2.606260326169236237e+02 2.609370827617179316e+02 2.610684346897785986e+02 2.609968449930856309e+02 2.610512726717929013e+02 2.609842097240725707e+02 2.609003657978414594e+02 2.609015089162687104e+02 2.607114159426361653e+02 2.606071787836672229e+02
2.656702840013413720e+02 2.669899812019725687e+02 2.680443428338394938e+02 2.687543768733669367e+02 2.694116801299826420e+02 2.696496977086034690e+02 2.697734593303072756e+02 2.699984555199131933e+02 2.699944977898917955e+02 2.701139562057832677e+02 2.699688563734418949e+02 2.699214296600339367e+02 2.698861555656380347e+02 2.697220748868791702e+02 2.696204389573975959e+02
2.678917339835294342e+02 2.691385967585151207e+02 2.703420955476561858e+02 2.708891192059770106e+02 2.715828396754154710e+02 2.718052498771122600e+02 2.720434655962590114e+02 2.721748175243207015e+02 2.721621890293415049e+02 2.722053447136043474e+02 2.721296110009253653e+02 2.721862334670109931e+02 2.720763907939780211e+02 2.719764737759068680e+02 2.718644329284759351e+02
2.728167284797206094e+02 2.741526111082759485e+02 2.752254703720485622e+02 2.760337730811062897e+02 2.766407859009639196e+02 2.769348744263141953e+02 2.771488120035783140e+02 2.772662907077070713e+02 2.773577113922248714e+02 2.772933495910074839e+02 2.773921872794845740e+02 2.772800188543861850e+02 2.772545716269452214e+02 2.770205467775223838e+02 2.769535939078734827e+02
2.761779023447224404e+02 2.777966445945700684e+02 2.787500399855898081e+02 2.796238551409958859e+02 2.800435794377635261e+02 2.804625269785071282e+02 2.806926499836926041e+02 2.807839237092820213e+02 2.808075197434627057e+02 2.808071289192678250e+02 2.808288931414527383e+02 2.807645102654554989e+02 2.806573651637448279e+02 2.805605310843220650e+02 2.804242120950102048e+02
2.791786292991418463e+02 2.809664193517298827e+02 2.820236070106935813e+02 2.827437890566182546e+02 2.832369900579204796e+02 2.835732120781740946e+02 2.837956277367300686e+02 2.839033438017957565e+02 2.839932230169901572e+02 2.840169818789010492e+02 2.839966126061780187e+02 2.839101353365095406e+02 2.837901446570830331e+02 2.837559969969135523e+02 2.835682956967383461e+02
2.803487757918050534e+02 2.820492159159302332e+02 2.831598411781888558e+02 2.838224750359497648e+02 2.843896665648911153e+02 2.846820423465437671e+02 2.849191876008797522e+02 2.850532799188538320e+02 2.850989703467081995e+02 2.851340333170084023e+02 2.850848899502034897e+02 2.850117720813587425e+02 2.849215831422313272e+02 2.848620868753706645e+02 2.847000767306257103e+02
2.822798372168558103e+02 2.839907821689791376e+02 2.851808787387020061e+02 2.858926112490629521e+02 2.864321705130526539e+02 2.867124429059248314e+02 2.869342876499156887e+02 2.870861925023214098e+02 2.871348516859143842e+02 2.871313208316126975e+02 2.871509155784478367e+02 2.870682063449091288e+02 2.869684260410877528e+02 2.868952278246642891e+02 2.867524004093072563e+02
2.829839651804997516e+02 2.846946056448550166e+02 2.858515130478591004e+02 2.865710099963056336e+02 2.871020436027895926e+02 2.873967791646447267e+02 2.876286720049816381e+02 2.877776842235907679e+02 2.878057904828395408e+02 2.878170272852888729e+02 2.878194184732284953e+02 2.877347300691973828e+02 2.876474337638665588e+02 2.875640352072130099e+02 2.874161837436829501e+02
2.835345805611817696e+02 2.852491793665225828e+02 2.864047673225314838e+02 2.871042695742048636e+02 2.876260670517225435e+02 2.879254714260221704e+02 2.881523909661464700e+02 2.882924715435574399e+02 2.883415874588064298e+02 2.883666277067438273e+02 2.883505466367508916e+02 2.882645387857245964e+02 2.881973386730896323e+02 2.880736462351216574e+02 2.879455864765193382e+02
