6.303098095473176491e-04
3.501022210705170227e-03
1.111886196228962023e-02
2.237949625098355558e-02
3.771065465072657302e-02
5.087374858157950319e-02
6.383276303144570785e-02
7.343107147098086596e-02
7.712774539914409033e-02
7.908342645044522112e-02
7.782185126079105286e-02
7.140832114896671079e-02
6.676735694536038712e-02
5.899908024135559065e-02
5.190743810814647113e-02
4.545534355130351201e-02
3.898248601921770057e-02
3.311694551299719513e-02
2.900068567102121256e-02
2.410581425742303746e-02
2.057610846606910265e-02
1.627817259071460618e-02
1.395791010728048009e-02
1.134696597044073177e-02
9.478298198547592882e-03
nan
nan
4.821374066057078009e-03
nan
nan
2.928941574168214285e-03
nan
nan
1.492868340871540255e-03
nan
nan
8.492171991905636584e-04
nan
nan
4.445329512254639348e-04
nan
nan
2.553754984952174493e-04
nan
nan
1.535563828571441861e-04
nan
nan
8.507116549532601991e-05
nan
nan
3.233378779619748203e-05
nan
nan
2.124600794685025610e-05
nan
nan
3.915657319716558871e-06
1.968950109364098091e-05
