2.410000000000007248e+01 2.460000000000007958e+01 2.620000000000010232e+01 2.520000000000008811e+01 2.540000000000009095e+01 2.540000000000009095e+01 2.450000000000007816e+01 2.460000000000007958e+01
4.096666666666715884e+01 4.140000000000052438e+01 4.233333333333393256e+01 4.220000000000057128e+01 4.220000000000057838e+01 4.180000000000055849e+01 4.123333333333384587e+01 4.120000000000051443e+01
5.710000000000043485e+01 5.864444444444490756e+01 5.913333333333387287e+01 5.908888888888940016e+01 5.900000000000051870e+01 5.868888888888938737e+01 5.736666666666712189e+01 5.764444444444490045e+01
6.856666666666687604e+01 6.972592592592586414e+01 7.015555555555546619e+01 7.002222222222212622e+01 6.984444444444439171e+01 6.956296296296295623e+01 6.874444444444462476e+01 6.893333333333346502e+01
7.368271604938331620e+01 7.448641975308672158e+01 7.509382716049411499e+01 7.494074074074102043e+01 7.466419753086451294e+01 7.454074074074111422e+01 7.380123456790180114e+01 7.385185185185235923e+01
8.155761316872548150e+01 8.261152263374577842e+01 8.340329218107088138e+01 8.319753086419844124e+01 8.310534979423964330e+01 8.273168724279935304e+01 8.208436213991889474e+01 8.221399176954847121e+01
8.729039780521735281e+01 8.819506172839942337e+01 8.871467764060776062e+01 8.856159122085469448e+01 8.851330589849537489e+01 8.824499314129383265e+01 8.758888888889347868e+01 8.769218106996336815e+01
9.176776406036051981e+01 9.261390032007666662e+01 9.305157750343271061e+01 9.298628257887853010e+01 9.287946959305328676e+01 9.264627343393129877e+01 9.204869684499686855e+01 9.192373113854965538e+01
9.555255296449485058e+01 9.650794086268085437e+01 9.705877152873782165e+01 9.688422496571378417e+01 9.682033226643027035e+01 9.659884164000148132e+01 9.583348574913119933e+01 9.587629934461983794e+01
9.716271401717568779e+01 9.812590560382379579e+01 9.868974241731760344e+01 9.850999339531882981e+01 9.849292282680794131e+01 9.820380023370758238e+01 9.740202713001414736e+01 9.755149113448487697e+01
9.823615471896877693e+01 9.926004166032247156e+01 9.977011973107704534e+01 9.963025622788480007e+01 9.959757828244961786e+01 9.923908956968573136e+01 9.844772138394182548e+01 9.862840014226114249e+01
9.928127092189069458e+01 1.002600698854634658e+02 1.007389332023697079e+02 1.006395332689808555e+02 1.006126358335175865e+02 1.002645520387031439e+02 9.948243266891429926e+01 9.962264785743022344e+01
9.966201384537404806e+01 1.006593104408569417e+02 1.011165931872013743e+02 1.010249006004417396e+02 1.009964616956526271e+02 1.006545437781415586e+02 9.985469751110551329e+01 1.000164932701832470e+02
1.010447118306684473e+02 1.021026395529684123e+02 1.025583808299869872e+02 1.023762553761103646e+02 1.024048508363779888e+02 1.020932484822754560e+02 1.012898054534790759e+02 1.014192303567137969e+02
1.020024781051479721e+02 1.030932905064000238e+02 1.035253959204217864e+02 1.033405300766324899e+02 1.033828274864634835e+02 1.031023970676176162e+02 1.022715501396944973e+02 1.024492744151400956e+02
1.024690294877613468e+02 1.035733154727501528e+02 1.040307694934630973e+02 1.038481873079342677e+02 1.038655928427261728e+02 1.035840205947500721e+02 1.027687025429981276e+02 1.029103450179283499e+02
1.026689257074942105e+02 1.037908719830306268e+02 1.042437586872226376e+02 1.040523463564200028e+02 1.040784297926016819e+02 1.037880273993517761e+02 1.029844321266702281e+02 1.031178534318627698e+02
1.028147753484028328e+02 1.039251510887523438e+02 1.043818946380066564e+02 1.041937301767301705e+02 1.042158552719268556e+02 1.039238289439138754e+02 1.031252069714442428e+02 1.032606581950906275e+02
