0.000000000000000000e+00 0.000000000000000000e+00 0.000000000000000000e+00 0.000000000000000000e+00 0.000000000000000000e+00 0.000000000000000000e+00 0.000000000000000000e+00 0.000000000000000000e+00 0.000000000000000000e+00 0.000000000000000000e+00 7.809999999999983800e+01 7.609999999999995168e+01 7.839999999999982094e+01 7.480000000000002558e+01 6.950000000000032685e+01 0.000000000000000000e+00 6.940000000000033253e+01 5.370000000000049312e+01
0.000000000000000000e+00 0.000000000000000000e+00 0.000000000000000000e+00 0.000000000000000000e+00 0.000000000000000000e+00 0.000000000000000000e+00 0.000000000000000000e+00 0.000000000000000000e+00 0.000000000000000000e+00 0.000000000000000000e+00 1.330999999999967258e+02 1.316333333333301425e+02 1.328666666666634057e+02 1.275999999999970242e+02 1.301666666666635592e+02 0.000000000000000000e+00 1.302666666666635535e+02 1.143666666666648126e+02
0.000000000000000000e+00 0.000000000000000000e+00 0.000000000000000000e+00 0.000000000000000000e+00 0.000000000000000000e+00 0.000000000000000000e+00 0.000000000000000000e+00 0.000000000000000000e+00 0.000000000000000000e+00 0.000000000000000000e+00 1.645222222222238599e+02 1.639888888888907559e+02 1.655333333333351788e+02 1.625333333333358041e+02 1.598555555555570891e+02 0.000000000000000000e+00 1.566666666666676804e+02 1.491222222222257869e+02
0.000000000000000000e+00 0.000000000000000000e+00 0.000000000000000000e+00 0.000000000000000000e+00 0.000000000000000000e+00 0.000000000000000000e+00 0.000000000000000000e+00 0.000000000000000000e+00 0.000000000000000000e+00 0.000000000000000000e+00 1.884925925925903130e+02 1.866555555555537182e+02 1.886740740740721378e+02 1.871555555555540025e+02 1.862851851851823994e+02 0.000000000000000000e+00 1.844592592592557310e+02 1.782777777777765778e+02
0.000000000000000000e+00 0.000000000000000000e+00 0.000000000000000000e+00 0.000000000000000000e+00 0.000000000000000000e+00 0.000000000000000000e+00 0.000000000000000000e+00 0.000000000000000000e+00 0.000000000000000000e+00 0.000000000000000000e+00 1.997320987654225917e+02 1.989024691357927566e+02 1.988271604938186954e+02 1.990469135802377139e+02 1.965567901234473993e+02 0.000000000000000000e+00 1.959950617283841154e+02 1.899518518518431449e+02
0.000000000000000000e+00 0.000000000000000000e+00 0.000000000000000000e+00 0.000000000000000000e+00 0.000000000000000000e+00 0.000000000000000000e+00 0.000000000000000000e+00 0.000000000000000000e+00 0.000000000000000000e+00 0.000000000000000000e+00 2.165090534979341612e+02 2.162983539094566368e+02 2.156831275720092833e+02 2.136378600822964415e+02 2.144004115226257170e+02 0.000000000000000000e+00 2.121925925925828835e+02 2.088094650205688652e+02
0.000000000000000000e+00 0.000000000000000000e+00 0.000000000000000000e+00 0.000000000000000000e+00 0.000000000000000000e+00 0.000000000000000000e+00 0.000000000000000000e+00 0.000000000000000000e+00 0.000000000000000000e+00 0.000000000000000000e+00 2.325661179697973466e+02 2.323817558298794665e+02 2.322932784636250005e+02 2.314331961590961555e+02 2.286489711933933222e+02 0.000000000000000000e+00 2.280740740740484398e+02 2.262624142660932023e+02
0.000000000000000000e+00 0.000000000000000000e+00 0.000000000000000000e+00 0.000000000000000000e+00 0.000000000000000000e+00 0.000000000000000000e+00 0.000000000000000000e+00 0.000000000000000000e+00 0.000000000000000000e+00 0.000000000000000000e+00 2.416320530406909484e+02 2.417988568815694634e+02 2.415465020576100130e+02 2.406513031550015285e+02 2.383645633287602550e+02 0.000000000000000000e+00 2.385329675354344090e+02 2.335139917695387624e+02
0.000000000000000000e+00 0.000000000000000000e+00 0.000000000000000000e+00 0.000000000000000000e+00 0.000000000000000000e+00 0.000000000000000000e+00 0.000000000000000000e+00 0.000000000000000000e+00 0.000000000000000000e+00 0.000000000000000000e+00 2.458265355890719661e+02 2.454353757049100295e+02 2.455146776405900084e+02 2.441629629629484270e+02 2.424224813290544489e+02 0.000000000000000000e+00 2.423489711934033721e+02 2.376421429659918942e+02
0.000000000000000000e+00 0.000000000000000000e+00 0.000000000000000000e+00 0.000000000000000000e+00 0.000000000000000000e+00 0.000000000000000000e+00 0.000000000000000000e+00 0.000000000000000000e+00 0.000000000000000000e+00 0.000000000000000000e+00 2.486540720418410615e+02 2.480886297820254640e+02 2.480768886856475604e+02 2.474457145760069352e+02 2.459835644972613409e+02 0.000000000000000000e+00 2.446510592897241168e+02 2.412630544124082519e+02
0.000000000000000000e+00 0.000000000000000000e+00 0.000000000000000000e+00 0.000000000000000000e+00 0.000000000000000000e+00 0.000000000000000000e+00 0.000000000000000000e+00 0.000000000000000000e+00 0.000000000000000000e+00 0.000000000000000000e+00 2.511928720215261706e+02 2.509517163711375645e+02 2.510006706294652474e+02 2.498752629172219883e+02 2.484269860624090995e+02 0.000000000000000000e+00 2.475418923267016282e+02 2.442492658639231138e+02
0.000000000000000000e+00 0.000000000000000000e+00 0.000000000000000000e+00 0.000000000000000000e+00 0.000000000000000000e+00 0.000000000000000000e+00 0.000000000000000000e+00 0.000000000000000000e+00 0.000000000000000000e+00 0.000000000000000000e+00 2.523085104461054300e+02 2.521448136293404616e+02 2.519983866506174763e+02 2.509157547121663754e+02 2.497784692938424200e+02 0.000000000000000000e+00 2.488899072521518008e+02 2.452955381688394141e+02
0.000000000000000000e+00 0.000000000000000000e+00 0.000000000000000000e+00 0.000000000000000000e+00 0.000000000000000000e+00 0.000000000000000000e+00 0.000000000000000000e+00 0.000000000000000000e+00 0.000000000000000000e+00 0.000000000000000000e+00 2.535586420693645380e+02 2.533186425209703145e+02 2.530704785667416559e+02 2.520155930761557386e+02 2.509569225934498036e+02 0.000000000000000000e+00 2.501500584260288917e+02 2.467391241924918859e+02
0.000000000000000000e+00 0.000000000000000000e+00 0.000000000000000000e+00 0.000000000000000000e+00 0.000000000000000000e+00 0.000000000000000000e+00 0.000000000000000000e+00 0.000000000000000000e+00 0.000000000000000000e+00 0.000000000000000000e+00 2.553570229494821717e+02 2.552110530299626703e+02 2.552280217997742113e+02 2.540467358244714546e+02 2.529289756842759402e+02 0.000000000000000000e+00 2.522125443839695151e+02 2.481845085969978584e+02
0.000000000000000000e+00 0.000000000000000000e+00 0.000000000000000000e+00 0.000000000000000000e+00 0.000000000000000000e+00 0.000000000000000000e+00 0.000000000000000000e+00 0.000000000000000000e+00 0.000000000000000000e+00 0.000000000000000000e+00 2.556810740566424158e+02 2.555539443177717658e+02 2.555246690078088534e+02 2.544129204265373119e+02 2.532266505385277924e+02 0.000000000000000000e+00 2.525821544734260726e+02 2.485852906217097882e+02
0.000000000000000000e+00 0.000000000000000000e+00 0.000000000000000000e+00 0.000000000000000000e+00 0.000000000000000000e+00 0.000000000000000000e+00 0.000000000000000000e+00 0.000000000000000000e+00 0.000000000000000000e+00 0.000000000000000000e+00 2.561859908980316618e+02 2.560376231373386418e+02 2.559537683949505720e+02 2.548803852724548733e+02 2.535879252753336459e+02 0.000000000000000000e+00 2.530745111943827226e+02 2.490436208345854823e+02
0.000000000000000000e+00 0.000000000000000000e+00 0.000000000000000000e+00 0.000000000000000000e+00 0.000000000000000000e+00 0.000000000000000000e+00 0.000000000000000000e+00 0.000000000000000000e+00 0.000000000000000000e+00 0.000000000000000000e+00 2.568173462851087265e+02 2.566542108676646876e+02 2.565278800816319631e+02 2.555516285571480921e+02 2.541605145231746974e+02 0.000000000000000000e+00 2.536397927357902802e+02 2.498275245934617317e+02
0.000000000000000000e+00 0.000000000000000000e+00 0.000000000000000000e+00 0.000000000000000000e+00 0.000000000000000000e+00 0.000000000000000000e+00 0.000000000000000000e+00 0.000000000000000000e+00 0.000000000000000000e+00 0.000000000000000000e+00 2.571219355491505212e+02 2.569471281005952505e+02 2.568067908772290480e+02 2.558435308307698506e+02 2.544564766337035735e+02 0.000000000000000000e+00 2.538712034394959858e+02 2.500602547441622505e+02
