2.420000000000007390e+01 2.510000000000008669e+01 2.600000000000009948e+01 2.560000000000009379e+01 2.580000000000009663e+01 2.460000000000007958e+01 2.490000000000008384e+01 2.380000000000006821e+01
4.913333333333423525e+01 5.083333333333433046e+01 5.133333333333437309e+01 5.020000000000097629e+01 5.093333333333435320e+01 4.880000000000089244e+01 4.936666666666759085e+01 4.940000000000090807e+01
6.624444444444564795e+01 6.714444444444588100e+01 6.768888888889046029e+01 6.695555555555694127e+01 6.746666666666818912e+01 6.604444444444560247e+01 6.590000000000117097e+01 6.588888888889003681e+01
7.688148148148094663e+01 7.825555555555517628e+01 7.856296296296275727e+01 7.833333333333285964e+01 7.857777777777748440e+01 7.742222222222152084e+01 7.692222222222159189e+01 7.726666666666595518e+01
8.446666666666671119e+01 8.586049382716069545e+01 8.602962962962999427e+01 8.562222222222230528e+01 8.614320987654349437e+01 8.473086419753072107e+01 8.415185185185177374e+01 8.447654320987638243e+01
9.111687242798409159e+01 9.226049382716118430e+01 9.274567901234655665e+01 9.212757201646148530e+01 9.278024691358103837e+01 9.113086419753120992e+01 9.099958847736670009e+01 9.099506172839539886e+01
9.901810699589019293e+01 9.974910836763218924e+01 1.003220850480165183e+02 9.995857338820842131e+01 1.002688614540520433e+02 9.879506172840012823e+01 9.878669410151415775e+01 9.871193415638369117e+01
1.032262459990901107e+02 1.042908550525878724e+02 1.046297210791085064e+02 1.043305898491129255e+02 1.047169638774622484e+02 1.030558756287193773e+02 1.032230909922311781e+02 1.032536808413393743e+02
1.060160646243025298e+02 1.072640603566604085e+02 1.076380429812606394e+02 1.072179545801020026e+02 1.076160341411445245e+02 1.060602956866404440e+02 1.062587258040007754e+02 1.060669105319381913e+02
1.083831834578074762e+02 1.095089214042590555e+02 1.099219224711698075e+02 1.094784230046248581e+02 1.098504902707936992e+02 1.083701874714232929e+02 1.085322003759604712e+02 1.083013666615873660e+02
1.098450744297163197e+02 1.110315077308734857e+02 1.114080915849608857e+02 1.110356923910710520e+02 1.113834815153576585e+02 1.099205202459031341e+02 1.100790648444571360e+02 1.097823333164036796e+02
1.128520957171055983e+02 1.138905479629817847e+02 1.142971904689231337e+02 1.138508007473928103e+02 1.142818292152749677e+02 1.127310041942473617e+02 1.130051589922396289e+02 1.126991786482311113e+02
1.139095436746342642e+02 1.149672642870834949e+02 1.153877800169574357e+02 1.149198097248653028e+02 1.153053648476350759e+02 1.138323840275625685e+02 1.140279238899368153e+02 1.137358167698608895e+02
1.147460476954664017e+02 1.157847568528967201e+02 1.162314775613102427e+02 1.157470649297422938e+02 1.161521453306395983e+02 1.147048556659980534e+02 1.148695661418551452e+02 1.145296734726776293e+02
1.149978210186933154e+02 1.160454364433398240e+02 1.164849636282325775e+02 1.160029488378382183e+02 1.164213886395598081e+02 1.149490929169651139e+02 1.151251075012119856e+02 1.147941210992506598e+02
1.152346363803037264e+02 1.162628407097362668e+02 1.167133294542792612e+02 1.162281175423202484e+02 1.166483842706502116e+02 1.151879635710099450e+02 1.153541584247368093e+02 1.150183763404285031e+02
1.155254221988031702e+02 1.165715913065513831e+02 1.170269518553833734e+02 1.165354979441790846e+02 1.169582005746535458e+02 1.154825554866101669e+02 1.156552968273503694e+02 1.153281926444318373e+02
1.157069984044994300e+02 1.167559079021603310e+02 1.172045697200946393e+02 1.167091574679053565e+02 1.171316571065344334e+02 1.156672780659098834e+02 1.158308847736077922e+02 1.154981983149411917e+02
