0.000000000000000000e+00 0.000000000000000000e+00 0.000000000000000000e+00 0.000000000000000000e+00 0.000000000000000000e+00 0.000000000000000000e+00 0.000000000000000000e+00 0.000000000000000000e+00 3.550000000000023448e+01 3.400000000000021316e+01 0.000000000000000000e+00 0.000000000000000000e+00 3.050000000000016342e+01
0.000000000000000000e+00 0.000000000000000000e+00 0.000000000000000000e+00 0.000000000000000000e+00 0.000000000000000000e+00 0.000000000000000000e+00 0.000000000000000000e+00 0.000000000000000000e+00 5.730000000000131877e+01 5.673333333333467721e+01 0.000000000000000000e+00 0.000000000000000000e+00 5.263333333333451947e+01
0.000000000000000000e+00 0.000000000000000000e+00 0.000000000000000000e+00 0.000000000000000000e+00 0.000000000000000000e+00 0.000000000000000000e+00 0.000000000000000000e+00 0.000000000000000000e+00 7.174444444444695534e+01 7.393333333333620772e+01 0.000000000000000000e+00 0.000000000000000000e+00 6.543333333333470136e+01
0.000000000000000000e+00 0.000000000000000000e+00 0.000000000000000000e+00 0.000000000000000000e+00 0.000000000000000000e+00 0.000000000000000000e+00 0.000000000000000000e+00 0.000000000000000000e+00 9.070740740740681929e+01 9.212592592592582719e+01 0.000000000000000000e+00 0.000000000000000000e+00 8.753703703703479277e+01
0.000000000000000000e+00 0.000000000000000000e+00 0.000000000000000000e+00 0.000000000000000000e+00 0.000000000000000000e+00 0.000000000000000000e+00 0.000000000000000000e+00 0.000000000000000000e+00 9.864814814814816657e+01 9.874320987654361659e+01 0.000000000000000000e+00 0.000000000000000000e+00 9.273209876543025132e+01
0.000000000000000000e+00 0.000000000000000000e+00 0.000000000000000000e+00 0.000000000000000000e+00 0.000000000000000000e+00 0.000000000000000000e+00 0.000000000000000000e+00 0.000000000000000000e+00 1.081559670781900451e+02 1.082246913580258223e+02 0.000000000000000000e+00 0.000000000000000000e+00 1.000802469135789607e+02
0.000000000000000000e+00 0.000000000000000000e+00 0.000000000000000000e+00 0.000000000000000000e+00 0.000000000000000000e+00 0.000000000000000000e+00 0.000000000000000000e+00 0.000000000000000000e+00 1.219655692729859311e+02 1.217094650205855686e+02 0.000000000000000000e+00 0.000000000000000000e+00 1.166816186557016692e+02
0.000000000000000000e+00 0.000000000000000000e+00 0.000000000000000000e+00 0.000000000000000000e+00 0.000000000000000000e+00 0.000000000000000000e+00 0.000000000000000000e+00 0.000000000000000000e+00 1.236628715134977199e+02 1.236057613168814981e+02 0.000000000000000000e+00 0.000000000000000000e+00 1.189407864654863261e+02
0.000000000000000000e+00 0.000000000000000000e+00 0.000000000000000000e+00 0.000000000000000000e+00 0.000000000000000000e+00 0.000000000000000000e+00 0.000000000000000000e+00 0.000000000000000000e+00 1.281070720926818751e+02 1.283347965249326705e+02 0.000000000000000000e+00 0.000000000000000000e+00 1.253749276025146884e+02
0.000000000000000000e+00 0.000000000000000000e+00 0.000000000000000000e+00 0.000000000000000000e+00 0.000000000000000000e+00 0.000000000000000000e+00 0.000000000000000000e+00 0.000000000000000000e+00 1.318632474724413726e+02 1.319895239546848131e+02 0.000000000000000000e+00 0.000000000000000000e+00 1.283689427424753546e+02
0.000000000000000000e+00 0.000000000000000000e+00 0.000000000000000000e+00 0.000000000000000000e+00 0.000000000000000000e+00 0.000000000000000000e+00 0.000000000000000000e+00 0.000000000000000000e+00 1.337621449982304398e+02 1.341572151941700497e+02 0.000000000000000000e+00 0.000000000000000000e+00 1.312389659435538078e+02
0.000000000000000000e+00 0.000000000000000000e+00 0.000000000000000000e+00 0.000000000000000000e+00 0.000000000000000000e+00 0.000000000000000000e+00 0.000000000000000000e+00 0.000000000000000000e+00 1.346118799641016892e+02 1.349398962443671053e+02 0.000000000000000000e+00 0.000000000000000000e+00 1.319187539162508074e+02
0.000000000000000000e+00 0.000000000000000000e+00 0.000000000000000000e+00 0.000000000000000000e+00 0.000000000000000000e+00 0.000000000000000000e+00 0.000000000000000000e+00 0.000000000000000000e+00 1.357433184492708449e+02 1.360967689734126793e+02 0.000000000000000000e+00 0.000000000000000000e+00 1.327133813537231504e+02
0.000000000000000000e+00 0.000000000000000000e+00 0.000000000000000000e+00 0.000000000000000000e+00 0.000000000000000000e+00 0.000000000000000000e+00 0.000000000000000000e+00 0.000000000000000000e+00 1.364806546101190747e+02 1.368587686434739510e+02 0.000000000000000000e+00 0.000000000000000000e+00 1.337831610658388399e+02
0.000000000000000000e+00 0.000000000000000000e+00 0.000000000000000000e+00 0.000000000000000000e+00 0.000000000000000000e+00 0.000000000000000000e+00 0.000000000000000000e+00 0.000000000000000000e+00 1.381981939878161825e+02 1.386705089244153157e+02 0.000000000000000000e+00 0.000000000000000000e+00 1.350495637541807241e+02
0.000000000000000000e+00 0.000000000000000000e+00 0.000000000000000000e+00 0.000000000000000000e+00 0.000000000000000000e+00 0.000000000000000000e+00 0.000000000000000000e+00 0.000000000000000000e+00 1.382874850258004358e+02 1.387369633797949007e+02 0.000000000000000000e+00 0.000000000000000000e+00 1.351221840868635695e+02
0.000000000000000000e+00 0.000000000000000000e+00 0.000000000000000000e+00 0.000000000000000000e+00 0.000000000000000000e+00 0.000000000000000000e+00 0.000000000000000000e+00 0.000000000000000000e+00 1.385089998770657189e+02 1.388952970191872680e+02 0.000000000000000000e+00 0.000000000000000000e+00 1.353513111323304088e+02
0.000000000000000000e+00 0.000000000000000000e+00 0.000000000000000000e+00 0.000000000000000000e+00 0.000000000000000000e+00 0.000000000000000000e+00 0.000000000000000000e+00 0.000000000000000000e+00 1.385486847828327939e+02 1.389239188693824474e+02 0.000000000000000000e+00 0.000000000000000000e+00 1.353845002990460955e+02
