3.610000000000024301e+01 3.810000000000027143e+01 3.850000000000027711e+01 3.800000000000027001e+01 3.830000000000027427e+01 3.710000000000025722e+01 3.670000000000025153e+01 3.720000000000025864e+01
6.150000000000150635e+01 6.343333333333486479e+01 6.363333333333486053e+01 6.306666666666818344e+01 6.356666666666819765e+01 6.136666666666813086e+01 6.170000000000149498e+01 6.173333333333481221e+01
8.421111111111576975e+01 8.552222222222711423e+01 8.598888888889385385e+01 8.528888888889373732e+01 8.574444444444937119e+01 8.376666666667121319e+01 8.383333333333791870e+01 8.342222222222673622e+01
9.550000000000281375e+01 9.651481481481791036e+01 9.695185185185502519e+01 9.634074074074378302e+01 9.673703703704016732e+01 9.487777777778050847e+01 9.524074074074346186e+01 9.450370370370640671e+01
1.029271604938305416e+02 1.039814814814851474e+02 1.041814814814852070e+02 1.037679012345715108e+02 1.040061728395098584e+02 1.022851851851884817e+02 1.028259259259292264e+02 1.019506172839538891e+02
1.113024691358064899e+02 1.120670781893046950e+02 1.124382716049426278e+02 1.118930041152305677e+02 1.121971193415680972e+02 1.107000000000039392e+02 1.107798353909504101e+02 1.103917695473290195e+02
1.186769547325188512e+02 1.199244170096113180e+02 1.202341563786099812e+02 1.195835390946591730e+02 1.199139917695563895e+02 1.182588477366341095e+02 1.185406035665381808e+02 1.180910836762775205e+02
1.239737082761849507e+02 1.250397347965330539e+02 1.254372656607306027e+02 1.248042066758195716e+02 1.250819844535974568e+02 1.232219935985444437e+02 1.235505715592212539e+02 1.230834933699208165e+02
1.274385459533718432e+02 1.283914189910175878e+02 1.287031092821305549e+02 1.281519890260739203e+02 1.285468221307823455e+02 1.266322054564964077e+02 1.270739368998741412e+02 1.265678402682630406e+02
1.301074074074115003e+02 1.309666361835119801e+02 1.312783264746249472e+02 1.308286541685756674e+02 1.310335975207062233e+02 1.293140730579729052e+02 1.296985774526285411e+02 1.290884316415227033e+02
1.337005724059822285e+02 1.347401530932078799e+02 1.350483750783376706e+02 1.344356923910791011e+02 1.347117360158647728e+02 1.330026164710809837e+02 1.332466544734179763e+02 1.329105048349830724e+02
1.353468616459831253e+02 1.363193884175345829e+02 1.366068005667654859e+02 1.360126155114170388e+02 1.363453081339274604e+02 1.345356077156323806e+02 1.348547923476042456e+02 1.344920523632985407e+02
1.362131674071071927e+02 1.371648843427597626e+02 1.374522964919906656e+02 1.368727553952377320e+02 1.371730771619054394e+02 1.354435331485542235e+02 1.357473030872676532e+02 1.353830216336361048e+02
1.370347705577666488e+02 1.379864874934192187e+02 1.382852037510394325e+02 1.377267294017393056e+02 1.379910835508046603e+02 1.363160047869655784e+02 1.365858624005110755e+02 1.362035971380783508e+02
1.383241240116262247e+02 1.393515442186132702e+02 1.396293650031502125e+02 1.390684928126765953e+02 1.393468914600438211e+02 1.375789819879167624e+02 1.379478361870534968e+02 1.375015143104146773e+02
1.395123114045471198e+02 1.405139262731908900e+02 1.407440186000840754e+02 1.402411513294263159e+02 1.405243456591405220e+02 1.387842968177911587e+02 1.390643167105957332e+02 1.387273820646332751e+02
1.400043636377357075e+02 1.409922765568166767e+02 1.412129297628999325e+02 1.407262003439494720e+02 1.410115260880401138e+02 1.392506198345784867e+02 1.395405355798450842e+02 1.391793941563216777e+02
1.400837334492698574e+02 1.410684999947478104e+02 1.412900666641351677e+02 1.407996833919683013e+02 1.410861255912084005e+02 1.393291776787312131e+02 1.396151350830133708e+02 1.392543996431806761e+02
