0.000000000000000000e+00 0.000000000000000000e+00 0.000000000000000000e+00 0.000000000000000000e+00 0.000000000000000000e+00 0.000000000000000000e+00 0.000000000000000000e+00 0.000000000000000000e+00 6.910000000000034959e+01 6.340000000000063096e+01 0.000000000000000000e+00 0.000000000000000000e+00 6.750000000000044054e+01
0.000000000000000000e+00 0.000000000000000000e+00 0.000000000000000000e+00 0.000000000000000000e+00 0.000000000000000000e+00 0.000000000000000000e+00 0.000000000000000000e+00 0.000000000000000000e+00 1.112999999999979508e+02 1.187999999999975387e+02 0.000000000000000000e+00 0.000000000000000000e+00 1.032333333333317427e+02
0.000000000000000000e+00 0.000000000000000000e+00 0.000000000000000000e+00 0.000000000000000000e+00 0.000000000000000000e+00 0.000000000000000000e+00 0.000000000000000000e+00 0.000000000000000000e+00 1.573888888888940301e+02 1.557777777777810968e+02 0.000000000000000000e+00 0.000000000000000000e+00 1.535000000000062528e+02
0.000000000000000000e+00 0.000000000000000000e+00 0.000000000000000000e+00 0.000000000000000000e+00 0.000000000000000000e+00 0.000000000000000000e+00 0.000000000000000000e+00 0.000000000000000000e+00 1.690333333333365715e+02 1.657629629629646502e+02 0.000000000000000000e+00 0.000000000000000000e+00 1.615000000000049454e+02
0.000000000000000000e+00 0.000000000000000000e+00 0.000000000000000000e+00 0.000000000000000000e+00 0.000000000000000000e+00 0.000000000000000000e+00 0.000000000000000000e+00 0.000000000000000000e+00 1.798580246913543021e+02 1.791753086419683711e+02 0.000000000000000000e+00 0.000000000000000000e+00 1.767691358024642625e+02
0.000000000000000000e+00 0.000000000000000000e+00 0.000000000000000000e+00 0.000000000000000000e+00 0.000000000000000000e+00 0.000000000000000000e+00 0.000000000000000000e+00 0.000000000000000000e+00 1.835584362139883297e+02 1.844954732510222755e+02 0.000000000000000000e+00 0.000000000000000000e+00 1.809172839506127275e+02
0.000000000000000000e+00 0.000000000000000000e+00 0.000000000000000000e+00 0.000000000000000000e+00 0.000000000000000000e+00 0.000000000000000000e+00 0.000000000000000000e+00 0.000000000000000000e+00 1.863150891632311072e+02 1.878842249656965180e+02 0.000000000000000000e+00 0.000000000000000000e+00 1.835510288065771647e+02
0.000000000000000000e+00 0.000000000000000000e+00 0.000000000000000000e+00 0.000000000000000000e+00 0.000000000000000000e+00 0.000000000000000000e+00 0.000000000000000000e+00 0.000000000000000000e+00 1.927999542752712046e+02 1.938013717421157764e+02 0.000000000000000000e+00 0.000000000000000000e+00 1.887073159579375670e+02
0.000000000000000000e+00 0.000000000000000000e+00 0.000000000000000000e+00 0.000000000000000000e+00 0.000000000000000000e+00 0.000000000000000000e+00 0.000000000000000000e+00 0.000000000000000000e+00 1.954727175735418996e+02 1.960410303307396873e+02 0.000000000000000000e+00 0.000000000000000000e+00 1.915985825331471801e+02
0.000000000000000000e+00 0.000000000000000000e+00 0.000000000000000000e+00 0.000000000000000000e+00 0.000000000000000000e+00 0.000000000000000000e+00 0.000000000000000000e+00 0.000000000000000000e+00 1.982196159122025847e+02 1.984965909668151482e+02 0.000000000000000000e+00 0.000000000000000000e+00 1.941998120205152532e+02
0.000000000000000000e+00 0.000000000000000000e+00 0.000000000000000000e+00 0.000000000000000000e+00 0.000000000000000000e+00 0.000000000000000000e+00 0.000000000000000000e+00 0.000000000000000000e+00 2.008329844705259859e+02 2.011394401259955487e+02 0.000000000000000000e+00 0.000000000000000000e+00 1.976143592609523978e+02
0.000000000000000000e+00 0.000000000000000000e+00 0.000000000000000000e+00 0.000000000000000000e+00 0.000000000000000000e+00 0.000000000000000000e+00 0.000000000000000000e+00 0.000000000000000000e+00 2.012202786386441744e+02 2.014920512342822576e+02 0.000000000000000000e+00 0.000000000000000000e+00 1.980305559789301526e+02
0.000000000000000000e+00 0.000000000000000000e+00 0.000000000000000000e+00 0.000000000000000000e+00 0.000000000000000000e+00 0.000000000000000000e+00 0.000000000000000000e+00 0.000000000000000000e+00 2.016603681311725040e+02 2.020731851701252708e+02 0.000000000000000000e+00 0.000000000000000000e+00 1.985508018764023461e+02
0.000000000000000000e+00 0.000000000000000000e+00 0.000000000000000000e+00 0.000000000000000000e+00 0.000000000000000000e+00 0.000000000000000000e+00 0.000000000000000000e+00 0.000000000000000000e+00 2.023494049198118603e+02 2.028074383923218704e+02 0.000000000000000000e+00 0.000000000000000000e+00 1.991828042999865431e+02
0.000000000000000000e+00 0.000000000000000000e+00 0.000000000000000000e+00 0.000000000000000000e+00 0.000000000000000000e+00 0.000000000000000000e+00 0.000000000000000000e+00 0.000000000000000000e+00 2.028097904251219745e+02 2.032082204170338002e+02 0.000000000000000000e+00 0.000000000000000000e+00 1.996918317262446010e+02
0.000000000000000000e+00 0.000000000000000000e+00 0.000000000000000000e+00 0.000000000000000000e+00 0.000000000000000000e+00 0.000000000000000000e+00 0.000000000000000000e+00 0.000000000000000000e+00 2.028906319275425005e+02 2.032965979917138668e+02 0.000000000000000000e+00 0.000000000000000000e+00 1.997509784751906921e+02
0.000000000000000000e+00 0.000000000000000000e+00 0.000000000000000000e+00 0.000000000000000000e+00 0.000000000000000000e+00 0.000000000000000000e+00 0.000000000000000000e+00 0.000000000000000000e+00 2.029687330400504663e+02 2.034017985155793724e+02 0.000000000000000000e+00 0.000000000000000000e+00 1.998721646068794655e+02
0.000000000000000000e+00 0.000000000000000000e+00 0.000000000000000000e+00 0.000000000000000000e+00 0.000000000000000000e+00 0.000000000000000000e+00 0.000000000000000000e+00 0.000000000000000000e+00 2.031811640062153970e+02 2.036319912682129427e+02 0.000000000000000000e+00 0.000000000000000000e+00 2.000385164241486109e+02
