4.720000000000000237e-03
1.858999999999999889e-02
4.515999999999999875e-02
7.080000000000000182e-02
9.021999999999999464e-02
9.997000000000000330e-02
1.065200000000000036e-01
9.271999999999999686e-02
8.852999999999999758e-02
7.378999999999999448e-02
6.536999999999999755e-02
5.679000000000000020e-02
3.522999999999999743e-02
3.563999999999999807e-02
2.834000000000000061e-02
2.113999999999999907e-02
1.461999999999999932e-02
1.243999999999999967e-02
9.690000000000000696e-03
6.620000000000000016e-03
6.810000000000000081e-03
3.700000000000000164e-03
4.539999999999999765e-03
1.629999999999999939e-03
1.350000000000000071e-03
1.119999999999999902e-03
1.660000000000000017e-03
5.199999999999999544e-04
6.899999999999999667e-04
1.900000000000000105e-04
2.599999999999999772e-04
2.000000000000000096e-04
2.000000000000000096e-04
1.100000000000000039e-04
3.000000000000000076e-05
4.000000000000000327e-05
3.000000000000000076e-05
1.000000000000000082e-05
1.000000000000000082e-05
