4.441030258636855313e-03
1.932946317928995947e-02
4.571782206138099575e-02
7.217201440842190008e-02
8.907230192778857469e-02
1.017018277471352650e-01
1.065172215616932427e-01
9.549353511826917662e-02
8.949923672236365091e-02
7.488981475269555765e-02
6.502732625738583128e-02
5.512814443831982880e-02
3.419905843567588172e-02
3.459706053498405598e-02
2.751068169364332891e-02
2.052137653506069109e-02
1.419217241923307823e-02
1.207596613510666939e-02
9.406439859259135144e-03
6.478316947301982973e-03
6.708446636267437896e-03
3.589709761497767142e-03
4.229344515307427270e-03
1.394971515732807647e-03
1.404807246735905249e-03
1.106139143486065384e-03
1.511544640957216638e-03
5.078523079579686308e-04
6.775519784722723680e-04
1.286113042226294208e-04
2.239485376495304377e-04
1.562430489921304766e-04
1.614232513483524530e-04
6.490099874777471476e-05
4.308634332030945830e-05
4.815730671986757607e-05
3.393715814136749094e-05
2.141328417196800016e-05
1.710002662569545904e-05
