6.340000000000063096e+01 6.530000000000056559e+01 6.680000000000048033e+01 6.650000000000049738e+01 6.690000000000047464e+01 6.780000000000042348e+01 6.760000000000043485e+01 6.710000000000046327e+01 6.770000000000042917e+01 6.730000000000045191e+01 6.690000000000047464e+01 6.670000000000048601e+01
9.106666666666578180e+01 9.323333333333231110e+01 9.466666666666556296e+01 9.483333333333222015e+01 9.476666666666555727e+01 9.493333333333221447e+01 9.539999999999885461e+01 9.563333333333217467e+01 9.529999999999886029e+01 9.469999999999889440e+01 9.396666666666560275e+01 9.483333333333222015e+01
1.059555555555569981e+02 1.083888888888902358e+02 1.092888888888900709e+02 1.096777777777789851e+02 1.097444444444456764e+02 1.097777777777789794e+02 1.101111111111122653e+02 1.099000000000010715e+02 1.097444444444455627e+02 1.097222222222234649e+02 1.093888888888902358e+02 1.094111111111122767e+02
1.234962962962948723e+02 1.248629629629616176e+02 1.263851851851835733e+02 1.268333333333317370e+02 1.272259259259243009e+02 1.273185185185168535e+02 1.271481481481465181e+02 1.273814814814796961e+02 1.270185185185168137e+02 1.271740740740724647e+02 1.268407407407392355e+02 1.268333333333316517e+02
1.387456790123376891e+02 1.400135802469047519e+02 1.411209876543110511e+02 1.417271604938168252e+02 1.421987654320880665e+02 1.422913580246805623e+02 1.421999999999893021e+02 1.419790123456682807e+02 1.416160493827056541e+02 1.418506172839401529e+02 1.412209876543110738e+02 1.413320987654219323e+02
1.460806584362065621e+02 1.479674897119259356e+02 1.488773662551346888e+02 1.493913580246816082e+02 1.496522633744754671e+02 1.497711934156276357e+02 1.496139917695371935e+02 1.495246913580145360e+02 1.496094650205663470e+02 1.495543209876444450e+02 1.492539094650112759e+02 1.491806584362044248e+02
1.517080932784505762e+02 1.540426611796839040e+02 1.546891632372962135e+02 1.552294924554027773e+02 1.554728395061568733e+02 1.557234567901072637e+02 1.556364883401758732e+02 1.555471879286532157e+02 1.554563786008073976e+02 1.551554183813288148e+02 1.551534979423716152e+02 1.548958847736472535e+02
1.577188843164155401e+02 1.599305441243701296e+02 1.605887517146756522e+02 1.609769090077704448e+02 1.611675811614050815e+02 1.614825788751681444e+02 1.615828989483281646e+02 1.613882487425665886e+02 1.612681755829877375e+02 1.611076817558277128e+02 1.609652949245519551e+02 1.607662094192936593e+02
1.698458161865254965e+02 1.716087639079090934e+02 1.723294010059114498e+02 1.726668343240025649e+02 1.729745618045687650e+02 1.731568968144760561e+02 1.730270080780040018e+02 1.729416095107118849e+02 1.728683584819056591e+02 1.727351775643629992e+02 1.727371589696361696e+02 1.725185642432226132e+02
1.739141391047691627e+02 1.753441294517696463e+02 1.762052329420898786e+02 1.765998933089030913e+02 1.768972158715198191e+02 1.769781029314197554e+02 1.770511100949624108e+02 1.769006807904860921e+02 1.769106691052756446e+02 1.766292181069530045e+02 1.764907331199082989e+02 1.763111568358052637e+02
1.763124726921356284e+02 1.775413012921118820e+02 1.784544293721797601e+02 1.789097850936985594e+02 1.792313857981975218e+02 1.793036020931395171e+02 1.793766092566821726e+02 1.792348507171637948e+02 1.791685363003234670e+02 1.789321732797821198e+02 1.788439787294934717e+02 1.786696049043652010e+02
1.790050342370528256e+02 1.804535222159617831e+02 1.812441034846251000e+02 1.817803863457506850e+02 1.819401327710360761e+02 1.821071494295174489e+02 1.820911367394926401e+02 1.820464907675024051e+02 1.819697714327126334e+02 1.817357206161600516e+02 1.816059063940736280e+02 1.815263329324847348e+02
1.806967968221661067e+02 1.822524169192211900e+02 1.830561006771541770e+02 1.834690659922122791e+02 1.836573296000257756e+02 1.838012242186194953e+02 1.838484117709542716e+02 1.837544387805370434e+02 1.837139439749045948e+02 1.834683321384081864e+02 1.833809083227824601e+02 1.832165540482721724e+02
1.827973056901435029e+02 1.842080276705719655e+02 1.850409993456954396e+02 1.854657825922514576e+02 1.856781958861693909e+02 1.858143831581340351e+02 1.859037042053744244e+02 1.857624594889655327e+02 1.856849694195135214e+02 1.855323595656746249e+02 1.853663208144323278e+02 1.852107015327683257e+02
1.836766283033362583e+02 1.850630293232907491e+02 1.858555802472039602e+02 1.863368840357065324e+02 1.865468994884509755e+02 1.866690422621137486e+02 1.867426060673569168e+02 1.866088974232075657e+02 1.865478496932309156e+02 1.863918143520013189e+02 1.862281734419325119e+02 1.860742669039638599e+02
1.839232633954666767e+02 1.853023567089876735e+02 1.861145470939408995e+02 1.865750695922732234e+02 1.868026692136232612e+02 1.869120235010274200e+02 1.869947219393124556e+02 1.868491382722086769e+02 1.867974535410999408e+02 1.866405047365661574e+02 1.864741234365847902e+02 1.863245558493110252e+02
1.844622067449368501e+02 1.858233352801421745e+02 1.866776972209720213e+02 1.871272581596541045e+02 1.873336958811238162e+02 1.874817201150718802e+02 1.875257486068130106e+02 1.874057419122264605e+02 1.873499465962488841e+02 1.871751852572834594e+02 1.870243328334732666e+02 1.868700456857945369e+02
1.865456135497469461e+02 1.880163576814444468e+02 1.888772153613256819e+02 1.893337795186725430e+02 1.895441755811266944e+02 1.896767724348277113e+02 1.897230338368677565e+02 1.896137857100850681e+02 1.895489572569891550e+02 1.893707450566526802e+02 1.892295347454968919e+02 1.890643875340916225e+02
