2.910000000000014353e+01 3.010000000000015774e+01 3.060000000000016485e+01 3.080000000000016769e+01 3.070000000000016627e+01 3.030000000000016058e+01 3.000000000000015632e+01 3.010000000000015774e+01 2.950000000000014921e+01 2.880000000000013927e+01
4.236666666666731373e+01 4.343333333333405477e+01 4.393333333333409030e+01 4.433333333333411019e+01 4.403333333333409172e+01 4.383333333333407467e+01 4.300000000000069633e+01 4.343333333333405477e+01 4.250000000000066080e+01 4.246666666666731516e+01
5.521111111111171255e+01 5.681111111111178502e+01 5.744444444444515341e+01 5.735555555555628615e+01 5.732222222222293340e+01 5.721111111111180492e+01 5.668888888888953659e+01 5.641111111111178644e+01 5.627777777777838963e+01 5.593333333333393398e+01
6.445555555555675653e+01 6.558148148148244161e+01 6.618518518518604310e+01 6.639259259259344503e+01 6.650740740740822332e+01 6.615925925926012496e+01 6.537037037037134724e+01 6.562592592592692142e+01 6.487037037037143250e+01 6.440740740740855585e+01
7.433209876543405414e+01 7.569506172839679436e+01 7.627901234568064126e+01 7.620987654321147886e+01 7.614691358024846579e+01 7.611481481481644096e+01 7.534567901234741782e+01 7.518641975308814551e+01 7.468765432098946633e+01 7.432345679012536266e+01
8.092962962963208895e+01 8.205555555555777403e+01 8.274485596708031210e+01 8.267572016461114970e+01 8.277078189300617339e+01 8.262016460905562099e+01 8.193004115226561623e+01 8.208683127572241744e+01 8.116666666666897356e+01 8.118436213992012540e+01
8.445884773663014755e+01 8.570768175583437198e+01 8.622139917695899669e+01 8.606447187929087761e+01 8.630000000000423199e+01 8.611426611797409691e+01 8.539780521262440516e+01 8.559849108368068471e+01 8.480123456790578018e+01 8.461700960219933165e+01
8.726232281664789525e+01 8.865162322817033669e+01 8.924727937814725465e+01 8.904352994970639656e+01 8.921467764060723482e+01 8.905820759031006162e+01 8.834759945130696224e+01 8.843708276177798666e+01 8.782711476909403814e+01 8.745560128029663360e+01
9.129292790733940421e+01 9.251054717269492755e+01 9.310230147844077919e+01 9.293757049231058431e+01 9.316724584667741738e+01 9.286640755983079032e+01 9.216360310928982358e+01 9.234673068130643969e+01 9.168994055784969532e+01 9.148620637098814257e+01
9.421150739216638215e+01 9.533027993700191871e+01 9.596625514403302759e+01 9.593418686175860444e+01 9.592194787380020671e+01 9.583180917543039357e+01 9.507698013514206536e+01 9.519507696997447965e+01 9.444724381445985273e+01 9.426171823400987648e+01
9.645723551627308723e+01 9.754305915426844820e+01 9.822238818608926181e+01 9.812615624312607565e+01 9.824051042355361574e+01 9.803591762773898211e+01 9.737993530797118069e+01 9.744253924707277292e+01 9.678488204712073184e+01 9.648837067520911148e+01
9.871047830332487649e+01 9.977202379943820176e+01 1.003392109378038981e+02 1.002476034028182426e+02 1.003827674191446704e+02 1.002290431110828735e+02 9.957884130128698530e+01 9.964260134238296018e+01 9.900228567234665888e+01 9.878207703206429358e+01
9.973709687433667170e+01 1.008240766143264153e+02 1.014444444444337137e+02 1.013751882146727894e+02 1.014910838644261730e+02 1.013088423738362707e+02 1.006231867695459812e+02 1.007231713397992792e+02 1.001159972602686139e+02 9.983412984695250714e+01
1.001471277150148325e+02 1.012264001083752873e+02 1.018441988229394894e+02 1.017990922792836699e+02 1.019077944055163840e+02 1.017173317451885737e+02 1.010167752707483260e+02 1.011373127653463939e+02 1.005460672021829254e+02 1.002457021569565256e+02
1.012045756725678700e+02 1.023393409616599712e+02 1.029639906510058580e+02 1.029000439267004054e+02 1.029902484210225708e+02 1.028220514287352358e+02 1.021238927954685778e+02 1.022440877413275615e+02 1.016199574992120063e+02 1.013411730245479134e+02
1.014676531041736496e+02 1.025910001019634166e+02 1.032270680826116376e+02 1.031425684339619835e+02 1.032359700498488024e+02 1.030691432525177476e+02 1.023639052786436423e+02 1.025007709298040339e+02 1.018672776888205647e+02 1.015960292864160124e+02
1.016433425463455649e+02 1.027639491542227717e+02 1.033919482090173432e+02 1.033104934380483115e+02 1.034041995417031927e+02 1.032379817199082623e+02 1.025301556000056280e+02 1.026606270080367125e+02 1.020359639123270483e+02 1.017574078034890022e+02
1.017809710175161229e+02 1.029000551865529474e+02 1.035335350211728951e+02 1.034582715014880847e+02 1.035462938334722054e+02 1.033793655402184299e+02 1.026719454040065642e+02 1.028048527141822603e+02 1.021779567081733688e+02 1.019037649240110852e+02
