0.000000000000000000e+00 0.000000000000000000e+00 0.000000000000000000e+00 0.000000000000000000e+00 0.000000000000000000e+00 0.000000000000000000e+00 0.000000000000000000e+00 0.000000000000000000e+00 0.000000000000000000e+00 0.000000000000000000e+00 0.000000000000000000e+00 3.330000000000020322e+01 3.730000000000026006e+01 3.340000000000020464e+01 3.900000000000028422e+01 0.000000000000000000e+00 3.100000000000017053e+01 0.000000000000000000e+00 2.600000000000009948e+01
0.000000000000000000e+00 0.000000000000000000e+00 0.000000000000000000e+00 0.000000000000000000e+00 0.000000000000000000e+00 0.000000000000000000e+00 0.000000000000000000e+00 0.000000000000000000e+00 0.000000000000000000e+00 0.000000000000000000e+00 0.000000000000000000e+00 7.010000000000138698e+01 7.050000000000122213e+01 6.946666666666807544e+01 6.680000000000136140e+01 0.000000000000000000e+00 6.766666666666822039e+01 0.000000000000000000e+00 5.546666666666791201e+01
0.000000000000000000e+00 0.000000000000000000e+00 0.000000000000000000e+00 0.000000000000000000e+00 0.000000000000000000e+00 0.000000000000000000e+00 0.000000000000000000e+00 0.000000000000000000e+00 0.000000000000000000e+00 0.000000000000000000e+00 0.000000000000000000e+00 8.436666666667028380e+01 8.552222222222579262e+01 8.160000000000330544e+01 8.155555555555922354e+01 0.000000000000000000e+00 8.215555555555937417e+01 0.000000000000000000e+00 7.368888888889162558e+01
0.000000000000000000e+00 0.000000000000000000e+00 0.000000000000000000e+00 0.000000000000000000e+00 0.000000000000000000e+00 0.000000000000000000e+00 0.000000000000000000e+00 0.000000000000000000e+00 0.000000000000000000e+00 0.000000000000000000e+00 0.000000000000000000e+00 9.364074074074284226e+01 9.538888888889084683e+01 9.377777777777909307e+01 9.130370370370577859e+01 0.000000000000000000e+00 9.243703703703917540e+01 0.000000000000000000e+00 8.160000000000144382e+01
0.000000000000000000e+00 0.000000000000000000e+00 0.000000000000000000e+00 0.000000000000000000e+00 0.000000000000000000e+00 0.000000000000000000e+00 0.000000000000000000e+00 0.000000000000000000e+00 0.000000000000000000e+00 0.000000000000000000e+00 0.000000000000000000e+00 1.070728395061759670e+02 1.086037037037066710e+02 1.065382716049405616e+02 1.055851851851883509e+02 0.000000000000000000e+00 1.052962962962994169e+02 0.000000000000000000e+00 9.406419753086659341e+01
0.000000000000000000e+00 0.000000000000000000e+00 0.000000000000000000e+00 0.000000000000000000e+00 0.000000000000000000e+00 0.000000000000000000e+00 0.000000000000000000e+00 0.000000000000000000e+00 0.000000000000000000e+00 0.000000000000000000e+00 0.000000000000000000e+00 1.182135802469175587e+02 1.182695473251065863e+02 1.177185185185216625e+02 1.156197530864236853e+02 0.000000000000000000e+00 1.158049382716088616e+02 0.000000000000000000e+00 1.073777777777811906e+02
0.000000000000000000e+00 0.000000000000000000e+00 0.000000000000000000e+00 0.000000000000000000e+00 0.000000000000000000e+00 0.000000000000000000e+00 0.000000000000000000e+00 0.000000000000000000e+00 0.000000000000000000e+00 0.000000000000000000e+00 0.000000000000000000e+00 1.296967078189383358e+02 1.293488340192127453e+02 1.288065843621485840e+02 1.272960219478849240e+02 0.000000000000000000e+00 1.272705075445926042e+02 0.000000000000000000e+00 1.208186556927414586e+02
0.000000000000000000e+00 0.000000000000000000e+00 0.000000000000000000e+00 0.000000000000000000e+00 0.000000000000000000e+00 0.000000000000000000e+00 0.000000000000000000e+00 0.000000000000000000e+00 0.000000000000000000e+00 0.000000000000000000e+00 0.000000000000000000e+00 1.349173754001114105e+02 1.354532693187234145e+02 1.346710562414483832e+02 1.332248742569956903e+02 0.000000000000000000e+00 1.323624142661385577e+02 0.000000000000000000e+00 1.277249199817204612e+02
0.000000000000000000e+00 0.000000000000000000e+00 0.000000000000000000e+00 0.000000000000000000e+00 0.000000000000000000e+00 0.000000000000000000e+00 0.000000000000000000e+00 0.000000000000000000e+00 0.000000000000000000e+00 0.000000000000000000e+00 0.000000000000000000e+00 1.363727632982938474e+02 1.367213686938153501e+02 1.359274500838471624e+02 1.343525072397697500e+02 0.000000000000000000e+00 1.336695320835410143e+02 0.000000000000000000e+00 1.291139765279760070e+02
0.000000000000000000e+00 0.000000000000000000e+00 0.000000000000000000e+00 0.000000000000000000e+00 0.000000000000000000e+00 0.000000000000000000e+00 0.000000000000000000e+00 0.000000000000000000e+00 0.000000000000000000e+00 0.000000000000000000e+00 0.000000000000000000e+00 1.406257735101406467e+02 1.410966366915684489e+02 1.396680180866824514e+02 1.388266219580428356e+02 0.000000000000000000e+00 1.378106894274309866e+02 0.000000000000000000e+00 1.341421531270584921e+02
0.000000000000000000e+00 0.000000000000000000e+00 0.000000000000000000e+00 0.000000000000000000e+00 0.000000000000000000e+00 0.000000000000000000e+00 0.000000000000000000e+00 0.000000000000000000e+00 0.000000000000000000e+00 0.000000000000000000e+00 0.000000000000000000e+00 1.425194685769549494e+02 1.428151823062323444e+02 1.417281918406892203e+02 1.408538468052094288e+02 0.000000000000000000e+00 1.397442700130518176e+02 0.000000000000000000e+00 1.366480041999034256e+02
0.000000000000000000e+00 0.000000000000000000e+00 0.000000000000000000e+00 0.000000000000000000e+00 0.000000000000000000e+00 0.000000000000000000e+00 0.000000000000000000e+00 0.000000000000000000e+00 0.000000000000000000e+00 0.000000000000000000e+00 0.000000000000000000e+00 1.452594303036418353e+02 1.455169926671046028e+02 1.445340513810559173e+02 1.431822362218960905e+02 0.000000000000000000e+00 1.427096716286433207e+02 0.000000000000000000e+00 1.392920094610565513e+02
0.000000000000000000e+00 0.000000000000000000e+00 0.000000000000000000e+00 0.000000000000000000e+00 0.000000000000000000e+00 0.000000000000000000e+00 0.000000000000000000e+00 0.000000000000000000e+00 0.000000000000000000e+00 0.000000000000000000e+00 0.000000000000000000e+00 1.458937449312264505e+02 1.459994725660936297e+02 1.450851266650449816e+02 1.439506586808290933e+02 0.000000000000000000e+00 1.433478399295425447e+02 0.000000000000000000e+00 1.400712222052704590e+02
0.000000000000000000e+00 0.000000000000000000e+00 0.000000000000000000e+00 0.000000000000000000e+00 0.000000000000000000e+00 0.000000000000000000e+00 0.000000000000000000e+00 0.000000000000000000e+00 0.000000000000000000e+00 0.000000000000000000e+00 0.000000000000000000e+00 1.468412347434941410e+02 1.471560883835635707e+02 1.463254956492175438e+02 1.451694470944402440e+02 0.000000000000000000e+00 1.444962345772748051e+02 0.000000000000000000e+00 1.410392649418823510e+02
0.000000000000000000e+00 0.000000000000000000e+00 0.000000000000000000e+00 0.000000000000000000e+00 0.000000000000000000e+00 0.000000000000000000e+00 0.000000000000000000e+00 0.000000000000000000e+00 0.000000000000000000e+00 0.000000000000000000e+00 0.000000000000000000e+00 1.471625454607418249e+02 1.474270444361679608e+02 1.465892581783014634e+02 1.454626688150841858e+02 0.000000000000000000e+00 1.447689033735745454e+02 0.000000000000000000e+00 1.413300888213528026e+02
0.000000000000000000e+00 0.000000000000000000e+00 0.000000000000000000e+00 0.000000000000000000e+00 0.000000000000000000e+00 0.000000000000000000e+00 0.000000000000000000e+00 0.000000000000000000e+00 0.000000000000000000e+00 0.000000000000000000e+00 0.000000000000000000e+00 1.478640852783572370e+02 1.480438605323200534e+02 1.471119875541223223e+02 1.460260473079413543e+02 0.000000000000000000e+00 1.453080750888707655e+02 0.000000000000000000e+00 1.418119407143113051e+02
0.000000000000000000e+00 0.000000000000000000e+00 0.000000000000000000e+00 0.000000000000000000e+00 0.000000000000000000e+00 0.000000000000000000e+00 0.000000000000000000e+00 0.000000000000000000e+00 0.000000000000000000e+00 0.000000000000000000e+00 0.000000000000000000e+00 1.481921708484443059e+02 1.483372344968480263e+02 1.474053615186502952e+02 1.462967369337486900e+02 0.000000000000000000e+00 1.455837887628511282e+02 0.000000000000000000e+00 1.420253866397229388e+02
0.000000000000000000e+00 0.000000000000000000e+00 0.000000000000000000e+00 0.000000000000000000e+00 0.000000000000000000e+00 0.000000000000000000e+00 0.000000000000000000e+00 0.000000000000000000e+00 0.000000000000000000e+00 0.000000000000000000e+00 0.000000000000000000e+00 1.483404563914767778e+02 1.484745584802312806e+02 1.475716118399967627e+02 1.464229978615600487e+02 0.000000000000000000e+00 1.457096437069717751e+02 0.000000000000000000e+00 1.421333783014522680e+02
