2.440000000000007674e+01 2.510000000000008669e+01 2.550000000000009237e+01 2.520000000000008811e+01 2.550000000000009237e+01 2.520000000000008811e+01 2.520000000000008811e+01 2.390000000000006963e+01
4.259999999999958220e+01 4.409999999999949694e+01 4.439999999999947988e+01 4.399999999999950262e+01 4.424999999999948841e+01 4.389999999999950830e+01 4.329999999999954241e+01 4.344999999999953388e+01
4.867499999999923688e+01 5.029999999999914451e+01 5.064999999999912461e+01 5.047499999999913456e+01 5.037499999999914024e+01 5.019999999999915019e+01 4.964999999999918145e+01 4.967499999999918003e+01
5.686250000000109850e+01 5.808750000000091518e+01 5.861250000000093507e+01 5.828750000000091092e+01 5.831250000000094502e+01 5.783750000000088676e+01 5.736250000000093507e+01 5.713750000000087681e+01
6.246250000000237179e+01 6.339375000000212168e+01 6.393750000000214584e+01 6.374375000000215152e+01 6.377500000000218705e+01 6.350000000000217426e+01 6.281875000000217568e+01 6.261875000000212310e+01
6.641249999999878639e+01 6.739687499999848797e+01 6.779999999999863292e+01 6.764062499999860734e+01 6.767499999999864713e+01 6.728437499999873239e+01 6.657812499999876366e+01 6.671249999999839986e+01
6.884062500000761986e+01 6.992031250000766818e+01 7.035937500000794387e+01 7.017031250000781029e+01 7.022343750000791829e+01 6.989218750000821956e+01 6.917968750000822808e+01 6.922656250000754596e+01
6.953593750001014939e+01 7.057968750001006697e+01 7.104140625001042508e+01 7.086093750001032276e+01 7.090468750001039666e+01 7.059296875001076899e+01 6.984921875001066383e+01 6.991640625001005560e+01
6.996835937500385683e+01 7.099843750000397335e+01 7.148203125000401315e+01 7.129687500000397904e+01 7.134375000000400746e+01 7.102382812500449916e+01 7.030859375000397904e+01 7.037500000000338218e+01
7.063046874999422187e+01 7.171230468749358522e+01 7.216152343749412523e+01 7.199609374999380407e+01 7.202285156249412523e+01 7.170312499999461409e+01 7.097988281249421050e+01 7.105937499999342322e+01
7.084902343750694342e+01 7.192705078125608509e+01 7.238486328125712532e+01 7.221357421875646310e+01 7.223730468750660805e+01 7.193251953125796661e+01 7.119111328125650573e+01 7.128798828125673026e+01
7.091875000001100204e+01 7.200126953126040519e+01 7.245795898438638005e+01 7.228930664063587130e+01 7.230991210938583436e+01 7.200654296876227534e+01 7.126616210938587415e+01 7.135947265626089120e+01
7.100229492186655023e+01 7.208835449217762914e+01 7.254191894530433160e+01 7.237644042967808389e+01 7.239936523436500693e+01 7.209450683592929465e+01 7.134902343749158149e+01 7.144106445311689413e+01
7.102154541014331812e+01 7.210853271482918103e+01 7.256213378904962497e+01 7.239680175779834315e+01 7.241833496092309019e+01 7.211433105467467897e+01 7.136968994139301969e+01 7.146029052733116771e+01
7.103695068359516540e+01 7.212375488281210778e+01 7.257808227539260315e+01 7.241252441406298601e+01 7.243371582031241473e+01 7.212963867187643530e+01 7.138423461914094048e+01 7.147482910156345781e+01
7.104141540527901100e+01 7.212812805176149311e+01 7.258263244629527833e+01 7.241687927246547929e+01 7.243843994141056442e+01 7.213431701660735484e+01 7.138894653320782879e+01 7.147959289551320694e+01
7.104439544677181573e+01 7.213085784911460507e+01 7.258562469481928758e+01 7.241975250243524442e+01 7.244131011962252842e+01 7.213710327147978774e+01 7.139174652099036678e+01 7.148244934081506585e+01
7.104790496824311674e+01 7.213426666257846875e+01 7.258912963865388690e+01 7.242325210569369176e+01 7.244484939573239046e+01 7.214051132200420113e+01 7.139505462644679312e+01 7.148573684690633456e+01
7.104949569702658607e+01 7.213581352234272970e+01 7.259071235657297905e+01 7.242482986450626470e+01 7.244643363953041160e+01 7.214209632874168676e+01 7.139655418396425546e+01 7.148735847473811589e+01
7.105009117127862339e+01 7.213642997743004059e+01 7.259133644105493488e+01 7.242545490266255115e+01 7.244705238343611597e+01 7.214272270204203608e+01 7.139720287324394121e+01 7.148796272279399489e+01
7.105030851364237776e+01 7.213664550781270179e+01 7.259155855178998706e+01 7.242566118240489459e+01 7.244726829528848100e+01 7.214293670654588198e+01 7.139741039276282208e+01 7.148818063736230499e+01
7.105032582283018883e+01 7.213666310310279073e+01 7.259157657623349280e+01 7.242567825317414076e+01 7.244728698730396843e+01 7.214295463562196176e+01 7.139742870330860569e+01 7.148819875717323669e+01
7.105038135053050041e+01 7.213671903611478342e+01 7.259163362981307444e+01 7.242573766709821825e+01 7.244734575749772887e+01 7.214301056863395445e+01 7.139748482705550714e+01 7.148825299741291417e+01
7.105040117504007924e+01 7.213673745395441017e+01 7.259165340663892607e+01 7.242575756313338786e+01 7.244736549856078511e+01 7.214303003551557936e+01 7.139750362636495140e+01 7.148827204706192617e+01
