0.000000000000000000e+00 0.000000000000000000e+00 0.000000000000000000e+00 0.000000000000000000e+00 0.000000000000000000e+00 0.000000000000000000e+00 0.000000000000000000e+00 0.000000000000000000e+00 0.000000000000000000e+00 0.000000000000000000e+00 1.068999999999982009e+02 1.045999999999983316e+02 1.078999999999981441e+02 1.081999999999981270e+02 9.599999999999882050e+01 0.000000000000000000e+00 1.038999999999983714e+02 7.250000000000015632e+01
0.000000000000000000e+00 0.000000000000000000e+00 0.000000000000000000e+00 0.000000000000000000e+00 0.000000000000000000e+00 0.000000000000000000e+00 0.000000000000000000e+00 0.000000000000000000e+00 0.000000000000000000e+00 0.000000000000000000e+00 1.339999999999983515e+02 1.349499999999985675e+02 1.342499999999984084e+02 1.325499999999980218e+02 1.284499999999970896e+02 0.000000000000000000e+00 1.328999999999981014e+02 1.028999999999984283e+02
0.000000000000000000e+00 0.000000000000000000e+00 0.000000000000000000e+00 0.000000000000000000e+00 0.000000000000000000e+00 0.000000000000000000e+00 0.000000000000000000e+00 0.000000000000000000e+00 0.000000000000000000e+00 0.000000000000000000e+00 1.769750000000081229e+02 1.750500000000076852e+02 1.764750000000080092e+02 1.743750000000075318e+02 1.735500000000073442e+02 0.000000000000000000e+00 1.691250000000063380e+02 1.544500000000101352e+02
0.000000000000000000e+00 0.000000000000000000e+00 0.000000000000000000e+00 0.000000000000000000e+00 0.000000000000000000e+00 0.000000000000000000e+00 0.000000000000000000e+00 0.000000000000000000e+00 0.000000000000000000e+00 0.000000000000000000e+00 1.935124999999930822e+02 1.923749999999919282e+02 1.929999999999929798e+02 1.905874999999927866e+02 1.903874999999920306e+02 0.000000000000000000e+00 1.877749999999893760e+02 1.773624999999892964e+02
0.000000000000000000e+00 0.000000000000000000e+00 0.000000000000000000e+00 0.000000000000000000e+00 0.000000000000000000e+00 0.000000000000000000e+00 0.000000000000000000e+00 0.000000000000000000e+00 0.000000000000000000e+00 0.000000000000000000e+00 2.008062499999864485e+02 2.014312499999836916e+02 2.008249999999858630e+02 1.994749999999847034e+02 1.988187499999843624e+02 0.000000000000000000e+00 1.972874999999807244e+02 1.888562499999788429e+02
0.000000000000000000e+00 0.000000000000000000e+00 0.000000000000000000e+00 0.000000000000000000e+00 0.000000000000000000e+00 0.000000000000000000e+00 0.000000000000000000e+00 0.000000000000000000e+00 0.000000000000000000e+00 0.000000000000000000e+00 2.032718749999954184e+02 2.034499999999910358e+02 2.031437499999942986e+02 2.017187499999928662e+02 2.007312499999913200e+02 0.000000000000000000e+00 1.994218749999884892e+02 1.913874999999880515e+02
0.000000000000000000e+00 0.000000000000000000e+00 0.000000000000000000e+00 0.000000000000000000e+00 0.000000000000000000e+00 0.000000000000000000e+00 0.000000000000000000e+00 0.000000000000000000e+00 0.000000000000000000e+00 0.000000000000000000e+00 2.111031250000239083e+02 2.110281250000186049e+02 2.106750000000216971e+02 2.099906250000229591e+02 2.088640625000209070e+02 0.000000000000000000e+00 2.072031250000167972e+02 2.020734375000269267e+02
0.000000000000000000e+00 0.000000000000000000e+00 0.000000000000000000e+00 0.000000000000000000e+00 0.000000000000000000e+00 0.000000000000000000e+00 0.000000000000000000e+00 0.000000000000000000e+00 0.000000000000000000e+00 0.000000000000000000e+00 2.153601562499619604e+02 2.153359374999559179e+02 2.148562499999608519e+02 2.140007812499646036e+02 2.126812499999653596e+02 0.000000000000000000e+00 2.121890624999442423e+02 2.077640624999441172e+02
0.000000000000000000e+00 0.000000000000000000e+00 0.000000000000000000e+00 0.000000000000000000e+00 0.000000000000000000e+00 0.000000000000000000e+00 0.000000000000000000e+00 0.000000000000000000e+00 0.000000000000000000e+00 0.000000000000000000e+00 2.165460937499447027e+02 2.163332031249414058e+02 2.161816406249415650e+02 2.152308593749467036e+02 2.138496093749483578e+02 0.000000000000000000e+00 2.133105468749279225e+02 2.093292968749213401e+02
0.000000000000000000e+00 0.000000000000000000e+00 0.000000000000000000e+00 0.000000000000000000e+00 0.000000000000000000e+00 0.000000000000000000e+00 0.000000000000000000e+00 0.000000000000000000e+00 0.000000000000000000e+00 0.000000000000000000e+00 2.169068359374657007e+02 2.167521484374657916e+02 2.165859374999650981e+02 2.156263671874697252e+02 2.142015624999688441e+02 0.000000000000000000e+00 2.137341796874525812e+02 2.097085937499434181e+02
0.000000000000000000e+00 0.000000000000000000e+00 0.000000000000000000e+00 0.000000000000000000e+00 0.000000000000000000e+00 0.000000000000000000e+00 0.000000000000000000e+00 0.000000000000000000e+00 0.000000000000000000e+00 0.000000000000000000e+00 2.170751953124755005e+02 2.169374999999765805e+02 2.167833984374765919e+02 2.157770507812284961e+02 2.144325195312322876e+02 0.000000000000000000e+00 2.138770507812108974e+02 2.099024414062047015e+02
0.000000000000000000e+00 0.000000000000000000e+00 0.000000000000000000e+00 0.000000000000000000e+00 0.000000000000000000e+00 0.000000000000000000e+00 0.000000000000000000e+00 0.000000000000000000e+00 0.000000000000000000e+00 0.000000000000000000e+00 2.174941894530029458e+02 2.173320312498847215e+02 2.171741699217606083e+02 2.161460449217675830e+02 2.148221679686415655e+02 0.000000000000000000e+00 2.141796386717654457e+02 2.101759765623910141e+02
0.000000000000000000e+00 0.000000000000000000e+00 0.000000000000000000e+00 0.000000000000000000e+00 0.000000000000000000e+00 0.000000000000000000e+00 0.000000000000000000e+00 0.000000000000000000e+00 0.000000000000000000e+00 0.000000000000000000e+00 2.175451416014285826e+02 2.173875488279967954e+02 2.172392333983079595e+02 2.161866699217581242e+02 2.148692871092555947e+02 0.000000000000000000e+00 2.142389160155016441e+02 2.102480468748742339e+02
0.000000000000000000e+00 0.000000000000000000e+00 0.000000000000000000e+00 0.000000000000000000e+00 0.000000000000000000e+00 0.000000000000000000e+00 0.000000000000000000e+00 0.000000000000000000e+00 0.000000000000000000e+00 0.000000000000000000e+00 2.176043334960149593e+02 2.174370239256991226e+02 2.172925903319514020e+02 2.162489013671285818e+02 2.149238647460251741e+02 0.000000000000000000e+00 2.142760009764736822e+02 2.102861328124097042e+02
0.000000000000000000e+00 0.000000000000000000e+00 0.000000000000000000e+00 0.000000000000000000e+00 0.000000000000000000e+00 0.000000000000000000e+00 0.000000000000000000e+00 0.000000000000000000e+00 0.000000000000000000e+00 0.000000000000000000e+00 2.176164794921200212e+02 2.174469238280520926e+02 2.173031005858674405e+02 2.162601867675297171e+02 2.149323303222049333e+02 0.000000000000000000e+00 2.142843688964033504e+02 2.102986999510932833e+02
0.000000000000000000e+00 0.000000000000000000e+00 0.000000000000000000e+00 0.000000000000000000e+00 0.000000000000000000e+00 0.000000000000000000e+00 0.000000000000000000e+00 0.000000000000000000e+00 0.000000000000000000e+00 0.000000000000000000e+00 2.176419006346034450e+02 2.174690124510166811e+02 2.173263610838276634e+02 2.162837860106058656e+02 2.149590026853868210e+02 0.000000000000000000e+00 2.143101135252136942e+02 2.103319671628834158e+02
0.000000000000000000e+00 0.000000000000000000e+00 0.000000000000000000e+00 0.000000000000000000e+00 0.000000000000000000e+00 0.000000000000000000e+00 0.000000000000000000e+00 0.000000000000000000e+00 0.000000000000000000e+00 0.000000000000000000e+00 2.176483749387785451e+02 2.174750442503106171e+02 2.173334701536253988e+02 2.162900100706412729e+02 2.149650772092899729e+02 0.000000000000000000e+00 2.143163070676710902e+02 2.103365844724365274e+02
