1.000000000000000048e-04
6.300000000000000261e-04
2.279999999999999909e-03
5.890000000000000270e-03
1.118000000000000070e-02
1.784000000000000169e-02
2.709999999999999909e-02
3.497000000000000108e-02
4.105000000000000315e-02
4.630999999999999700e-02
5.167999999999999677e-02
5.587000000000000299e-02
5.489000000000000129e-02
5.557000000000000134e-02
5.578999999999999931e-02
5.283999999999999808e-02
4.927000000000000129e-02
4.685999999999999888e-02
4.331999999999999740e-02
3.919999999999999873e-02
3.536999999999999866e-02
3.280000000000000276e-02
2.866000000000000145e-02
2.459000000000000075e-02
2.284999999999999878e-02
2.029999999999999860e-02
1.853000000000000133e-02
1.634999999999999995e-02
1.417999999999999990e-02
1.285999999999999990e-02
1.098999999999999977e-02
9.280000000000000054e-03
8.019999999999999352e-03
6.980000000000000093e-03
6.069999999999999875e-03
5.519999999999999733e-03
4.619999999999999975e-03
4.349999999999999700e-03
3.449999999999999942e-03
2.939999999999999905e-03
2.850000000000000103e-03
2.190000000000000106e-03
2.020000000000000094e-03
1.729999999999999984e-03
1.440000000000000091e-03
1.319999999999999993e-03
7.900000000000000121e-04
8.499999999999999526e-04
8.199999999999999824e-04
6.800000000000000488e-04
5.699999999999999772e-04
4.400000000000000157e-04
3.699999999999999947e-04
3.600000000000000227e-04
3.699999999999999947e-04
2.200000000000000078e-04
1.700000000000000122e-04
2.400000000000000061e-04
1.000000000000000048e-04
1.200000000000000030e-04
1.499999999999999869e-04
1.100000000000000039e-04
6.000000000000000152e-05
1.000000000000000048e-04
1.000000000000000048e-04
8.000000000000000654e-05
5.000000000000000240e-05
2.000000000000000164e-05
6.000000000000000152e-05
1.000000000000000082e-05
5.000000000000000240e-05
2.000000000000000164e-05
4.000000000000000327e-05
1.000000000000000082e-05
4.000000000000000327e-05
1.000000000000000082e-05
1.000000000000000082e-05
1.000000000000000082e-05
1.000000000000000082e-05
1.000000000000000082e-05
1.000000000000000082e-05
2.000000000000000164e-05
1.000000000000000082e-05
1.000000000000000082e-05
