1.008315759454546964e-04
5.886219842113603069e-04
2.179288683695597244e-03
5.382751858750691072e-03
1.077495250875466250e-02
1.754106871115571412e-02
2.689516441465347393e-02
3.312691623693108517e-02
4.119673840456217900e-02
4.706879292877614446e-02
5.313348627933534712e-02
5.646513907553795536e-02
5.710668070043050520e-02
5.672583799357548695e-02
5.408427249594031927e-02
5.298221939085500515e-02
4.885237183418423418e-02
4.646279975948487684e-02
4.295280592362109989e-02
3.886772835193783721e-02
3.507019264816432086e-02
3.252197678427452138e-02
2.841706873894230684e-02
2.438156735138141337e-02
2.265631614392294921e-02
2.012793075368209117e-02
1.837293383575020964e-02
1.621141220801489147e-02
1.405980581710404402e-02
1.275099455627348374e-02
1.152415718633652449e-02
9.926474963413537550e-03
8.550291670448784825e-03
7.364899213386578644e-03
6.343846796573108029e-03
5.464350700854389044e-03
4.706785888659463513e-03
4.054248091766864820e-03
3.492176610199846862e-03
3.008029405401313819e-03
2.591003237731773646e-03
2.231792603450593552e-03
1.922382092110844817e-03
1.655867531039731172e-03
1.426301925930298841e-03
1.228562759869506393e-03
1.058237689718958228e-03
9.115260892822977688e-04
7.851542422978149884e-04
6.763022928763783590e-04
5.825413233599485230e-04
5.017791555587565715e-04
4.322136659783089351e-04
3.722925733142265297e-04
3.206788009148344213e-04
2.762206413109941994e-04
2.379260570658051370e-04
2.049405444944479827e-04
1.765280663061819682e-04
1.520546277002986582e-04
1.309741294337551736e-04
1.128161821864521753e-04
9.717561031443351660e-05
8.370341077821594818e-05
7.209896550416742004e-05
6.210333340590676278e-05
5.349347238418121437e-05
4.607726237517857626e-05
3.968921839179171719e-05
3.418679789882451373e-05
2.944722012507011987e-05
