4.534000000000345949e+02 4.476000000000332761e+02 4.548000000000349132e+02 4.598000000000360501e+02 4.580000000000356408e+02 4.597000000000360274e+02 4.600000000000360956e+02 4.594000000000359591e+02 4.608000000000362775e+02 4.611000000000363457e+02 4.610000000000363229e+02 4.604000000000361865e+02 4.605000000000362093e+02 4.607000000000362547e+02 4.609000000000363002e+02 4.613000000000363912e+02 4.606000000000362320e+02
5.814000000000864929e+02 5.816666666667517802e+02 5.859333333334238887e+02 5.859333333334252529e+02 5.881333333334265490e+02 5.885666666667606250e+02 5.900000000000952696e+02 5.897333333334281633e+02 5.893333333334282997e+02 5.899000000000954742e+02 5.904000000000958153e+02 5.894000000000949058e+02 5.899666666667619666e+02 5.902333333334289591e+02 5.900333333334288000e+02 5.899000000000954742e+02 5.894666666667616255e+02
6.458000000001377430e+02 6.499333333334727740e+02 6.488222222223628251e+02 6.539333333334793679e+02 6.533777777779229154e+02 6.543888888890352291e+02 6.542222222223686003e+02 6.548888888890355702e+02 6.548000000001470653e+02 6.553222222223697599e+02 6.548444444445915451e+02 6.552222222223695098e+02 6.549444444445914542e+02 6.549888888890360477e+02 6.556333333334810050e+02 6.551888888890363205e+02 6.548000000001469516e+02
7.167037037038978724e+02 7.206000000001956778e+02 7.187185185187147454e+02 7.203333333335322095e+02 7.205185185187170873e+02 7.212925925927921753e+02 7.223111111113116749e+02 7.222962962964966209e+02 7.221777777779784628e+02 7.228481481483494235e+02 7.229333333335346197e+02 7.223629629631636817e+02 7.228851851853862627e+02 7.227814814816825901e+02 7.225370370372379512e+02 7.225370370372380648e+02 7.228296296298307198e+02
7.651777777780105225e+02 7.650641975310952603e+02 7.660271604940610359e+02 7.672271604940633551e+02 7.675703703706063834e+02 7.676728395064093320e+02 7.679209876545578481e+02 7.687358024693730840e+02 7.686370370372746947e+02 7.692283950619665802e+02 7.689382716051761690e+02 7.694543209878925154e+02 7.692654320990034194e+02 7.692604938273985908e+02 7.688185185187562638e+02 7.691938271607319848e+02 7.685975308644350434e+02
7.910543209878331936e+02 7.911119341565554350e+02 7.926938271606721855e+02 7.929588477368081385e+02 7.936707818931857901e+02 7.943131687244608656e+02 7.946930041154074615e+02 7.953497942388650017e+02 7.951456790125281486e+02 7.954473251030642587e+02 7.951572016462738475e+02 7.956205761318709619e+02 7.954448559672616739e+02 7.955189300413356932e+02 7.953798353911289496e+02 7.955181069960681270e+02 7.954485596709635047e+02
8.197094650208190387e+02 8.204342935530544310e+02 8.212348422498992022e+02 8.220705075448292973e+02 8.227648834021671291e+02 8.231087791497652688e+02 8.236290809330304228e+02 8.240312757204105765e+02 8.242134430729497581e+02 8.243482853226075804e+02 8.242776406038149162e+02 8.245478737999740133e+02 8.243019204392054462e+02 8.245866941017573026e+02 8.242017832649930824e+02 8.243224965708924401e+02 8.243758573390665561e+02
8.431146776408987762e+02 8.434707818932979535e+02 8.445347050757400211e+02 8.448670324648619498e+02 8.460588934616613415e+02 8.466778692275499907e+02 8.470635573848431932e+02 8.475593964337690522e+02 8.475250114314837901e+02 8.478764060359660562e+02 8.479169638777589171e+02 8.479940557844799969e+02 8.479061271150698076e+02 8.480153177872234664e+02 8.478820759033633294e+02 8.478506172842509159e+02 8.478337448562657528e+02
8.672436823660765413e+02 8.678377991165733647e+02 8.696820911452372229e+02 8.705099527517099887e+02 8.710658131388386209e+02 8.713609358335452271e+02 8.718987959158516787e+02 8.722814814820753782e+02 8.724226794701900189e+02 8.726140984611968179e+02 8.726390489260652430e+02 8.725600670635419647e+02 8.726867398268427678e+02 8.727452065239920103e+02 8.726743941478296165e+02 8.726819539710282925e+02 8.726416704776564757e+02
8.728103134690442175e+02 8.732977798105589500e+02 8.755400599507901234e+02 8.760011481995439908e+02 8.768249352238715346e+02 8.772839353762823293e+02 8.775304577560035568e+02 8.778871310273535755e+02 8.781375806539376754e+02 8.782379566128865918e+02 8.782941218316034337e+02 8.783920235742211844e+02 8.782299598644241314e+02 8.783456536102954715e+02 8.783528781187541199e+02 8.783240207291296429e+02 8.783019458421694026e+02
8.793168554935897419e+02 8.804355535240529207e+02 8.823864959616925034e+02 8.828909380352367862e+02 8.835447780663859021e+02 8.840766126444445945e+02 8.845260309241849654e+02 8.846555301536332081e+02 8.849632068289406561e+02 8.850011532801913745e+02 8.851093430886567148e+02 8.851690934654589000e+02 8.852879625403037380e+02 8.851816847032481519e+02 8.852166556595726661e+02 8.851843299639649558e+02 8.850339277556250863e+02
8.933681191336619349e+02 8.944082022285051607e+02 8.956597029595260437e+02 8.965930588729968349e+02 8.973428553696820700e+02 8.977787334822046432e+02 8.982593665157941132e+02 8.983934901532200001e+02 8.985982737510248626e+02 8.987818890535713763e+02 8.988715812301261394e+02 8.989567658508053682e+02 8.989565564202258656e+02 8.988549029911479238e+02 8.989257131092991813e+02 8.988864508017250046e+02 8.988770930367032861e+02
9.003293946096847549e+02 9.012692821983407612e+02 9.028699257316909552e+02 9.037570375653830297e+02 9.042709892551968096e+02 9.047446333662053348e+02 9.051412563215301361e+02 9.055004344805457777e+02 9.057029058743617043e+02 9.058364234238146082e+02 9.058960569485132055e+02 9.059419341013805251e+02 9.059540564254086803e+02 9.060204231528600758e+02 9.059463351543713543e+02 9.059594828038797232e+02 9.058360563087371702e+02
9.119541286181221267e+02 9.138409921958848372e+02 9.147089239764047761e+02 9.159176890760658125e+02 9.165852738753440008e+02 9.171061897123415747e+02 9.174493750643744079e+02 9.176908877315260042e+02 9.179005526488620035e+02 9.180885354478240288e+02 9.181414892721111300e+02 9.181827420170012601e+02 9.183253754106078759e+02 9.181949478874744273e+02 9.181845739544492062e+02 9.181566157552714458e+02 9.181328709431927564e+02
9.173883218156307748e+02 9.190230695213961098e+02 9.201619573545654021e+02 9.210418756646646443e+02 9.217574172874205942e+02 9.222399676656359588e+02 9.226290545487117924e+02 9.228787883856024337e+02 9.230959893751992240e+02 9.232325898632922190e+02 9.233509704967525522e+02 9.234340141878161603e+02 9.233670077530771323e+02 9.233999759785072001e+02 9.233584301102214340e+02 9.233246485824785168e+02 9.232546596906177001e+02
9.261274252467852648e+02 9.279743248049479689e+02 9.290928880795991063e+02 9.300378906501216534e+02 9.307484082247045762e+02 9.313044923989069730e+02 9.316031464148683199e+02 9.319435414846994945e+02 9.320867519466571594e+02 9.322169581916208472e+02 9.323095334867379052e+02 9.323427934277233362e+02 9.323735275665322888e+02 9.323624211875353467e+02 9.323702023376756642e+02 9.322966851562006241e+02 9.322961194754579992e+02
9.285115644707126421e+02 9.303747541244666763e+02 9.315195033471711668e+02 9.325217496180894159e+02 9.331660411031188005e+02 9.336714280639388335e+02 9.340801544080546819e+02 9.343083457353549193e+02 9.345541685751495606e+02 9.346417465325845342e+02 9.347355397787738411e+02 9.348000097159856523e+02 9.348083640038420299e+02 9.348172015736531648e+02 9.347815932168446125e+02 9.347602956875922473e+02 9.346927426978759286e+02
9.306529254467722012e+02 9.324172580718656036e+02 9.337262276974170163e+02 9.346304289070558298e+02 9.353244533941834788e+02 9.358117740807718974e+02 9.362391756746552574e+02 9.364475752970388385e+02 9.366655882540275115e+02 9.367988393766547688e+02 9.369200365219594460e+02 9.369808526059558744e+02 9.369921502755690881e+02 9.369854589692148465e+02 9.369377725976110014e+02 9.369171855398171829e+02 9.368360320964658285e+02
