1.063214196581838551e-04
6.206699083749671678e-04
2.297941537885638333e-03
5.675819443699766514e-03
1.136160212451729767e-02
1.849610412417535335e-02
2.835948992856267281e-02
3.493053371608067365e-02
4.343972283869992901e-02
4.963148536418521967e-02
5.602637506790077854e-02
5.953942196594826791e-02
6.021589276082399411e-02
5.981431481384045373e-02
5.702892748655541411e-02
5.586687235082328506e-02
5.151217243584182287e-02
4.899249848474714064e-02
4.529140064787123138e-02
4.098390825015125333e-02
3.697961313285331314e-02
3.429265792359595388e-02
2.996425536860548508e-02
2.570903836406171830e-02
2.388985468152949460e-02
2.122380962954261222e-02
1.937326071110466452e-02
1.709405356862176220e-02
1.482530150477410179e-02
1.344523112492206941e-02
1.149013142013172693e-02
nan
nan
7.756966316185724859e-03
nan
nan
4.739412276903412664e-03
nan
nan
3.228843187697731393e-03
nan
nan
2.070476634123194840e-03
nan
nan
1.342548061662829622e-03
nan
nan
8.659008084948096890e-04
nan
nan
5.522286019553743121e-04
nan
nan
3.604384766536158089e-04
nan
nan
2.188874617344204398e-04
nan
nan
1.478154341062922340e-04
nan
nan
7.613090199343731609e-05
nan
nan
6.200463655850363301e-05
nan
nan
1.083952105713925114e-05
8.882558078718211833e-05
